counterbalancing_condition,instr_done_keyboard.keys,instr_done_keyboard.rt,instr_done_touch.x,instr_done_touch.y,instr_done_touch.leftButton,instr_done_touch.midButton,instr_done_touch.rightButton,instruction_pages.thisRepN,instruction_pages.thisTrialN,instruction_pages.thisN,instruction_pages.thisIndex,instruction_pages.ran,pageN,phase,instruct_text,has_image,instruct_image,participant,date,expName,psychopyVersion,OS,frameRate,response.keys,response.corr,response.rt,touch_resp.x,touch_resp.y,touch_resp.leftButton,touch_resp.midButton,touch_resp.rightButton,touch_resp.time,touch_resp.clicked_name,rt,corr,practice_trials.thisRepN,practice_trials.thisTrialN,practice_trials.thisN,practice_trials.thisIndex,practice_trials.ran,TrialID,StimulusType,Condition,PrimeDuration,Prime,Target,corrAns,end_of_practice_trials_pages.thisRepN,end_of_practice_trials_pages.thisTrialN,end_of_practice_trials_pages.thisN,end_of_practice_trials_pages.thisIndex,end_of_practice_trials_pages.ran,break_done_touch.x,break_done_touch.y,break_done_touch.leftButton,break_done_touch.midButton,break_done_touch.rightButton,break_done_keyboard.keys,experiment_trials.thisRepN,experiment_trials.thisTrialN,experiment_trials.thisN,experiment_trials.thisIndex,experiment_trials.ran,break_done_keyboard.rt
3,space,8.208105,-0.025,-0.081481481,0,0,0,0,0,0,0,1,1,instructions,"INSTRUCTIONS
At the start of each trial, look at the hash marks (######) in the center of the screen. After a moment, a string of letters will appear. Your task is to indicate if the letter string forms a word or not (i.e., if it is a nonword). For example, AUTHOR is a word while AUTHON is a nonword.

Press the space bar or touch the button below to continue.",0,,5f8d8248de70e707b27f4896,2020-11-27_15h03.59.257,lexical_decision_task_MP_exp2,2020.2.5,Win32,60,,,,,,,,,,,,,,,,,,,,,,,,,,,,,,,,,,,,,,,,,
,space,5.281095,-0.025,-0.081481481,0,0,0,0,1,1,1,1,2,instructions,"If your device has a keyboard, press the 'Z' key for nonwords and the 'M' key for words.





Press the space bar or touch the button below to continue.",1,keyboard-example.gif,5f8d8248de70e707b27f4896,2020-11-27_15h03.59.257,lexical_decision_task_MP_exp2,2020.2.5,Win32,60,,,,,,,,,,,,,,,,,,,,,,,,,,,,,,,,,,,,,,,,,
,space,1.85778,-0.025,-0.081481481,0,0,0,0,2,2,2,1,3,instructions,"If you are using a touchscreen only device, use the buttons on the screen. Do not use the mouse.





Press the space bar or touch the button below to continue.",1,touchscreen-example.gif,5f8d8248de70e707b27f4896,2020-11-27_15h03.59.257,lexical_decision_task_MP_exp2,2020.2.5,Win32,60,,,,,,,,,,,,,,,,,,,,,,,,,,,,,,,,,,,,,,,,,
,space,3.576275,-0.025,-0.081481481,0,0,0,0,3,3,3,1,4,instructions,"It is very important that you respond as quickly and accurately as possible, as each letter string will only be on the screen for two seconds. If you do not respond within this time, the message 'Too slow!' will be displayed and the experiment will progress to the next letter string. The first 20 trials will be practice trials and you will receive feedback on your answers. 

Press the space bar or touch the button below to start the practice trials.",0,,5f8d8248de70e707b27f4896,2020-11-27_15h03.59.257,lexical_decision_task_MP_exp2,2020.2.5,Win32,60,,,,,,,,,,,,,,,,,,,,,,,,,,,,,,,,,,,,,,,,,
,,,,,,,,,,,,,,,,,,5f8d8248de70e707b27f4896,2020-11-27_15h03.59.257,lexical_decision_task_MP_exp2,2020.2.5,Win32,60,m,1,1.03743,,,,,,,,1.03743,1,0,0,0,4,1,1005,WORD,UN,33,abound,SQUEAK,m,,,,,,,,,,,,,,,,,
,,,,,,,,,,,,,,,,,,5f8d8248de70e707b27f4896,2020-11-27_15h03.59.257,lexical_decision_task_MP_exp2,2020.2.5,Win32,60,m,0,0.8854,,,,,,,,0.8854,0,0,1,1,14,1,1015,NW,UN,16,miaber,THRALE,z,,,,,,,,,,,,,,,,,
,,,,,,,,,,,,,,,,,,5f8d8248de70e707b27f4896,2020-11-27_15h03.59.257,lexical_decision_task_MP_exp2,2020.2.5,Win32,60,m,1,0.653535,,,,,,,,0.653535,1,0,2,2,3,1,1004,WORD,"ID",16,matrix,MATRIX,m,,,,,,,,,,,,,,,,,
,,,,,,,,,,,,,,,,,,5f8d8248de70e707b27f4896,2020-11-27_15h03.59.257,lexical_decision_task_MP_exp2,2020.2.5,Win32,60,z,1,0.958685,,,,,,,,0.958685,1,0,3,3,13,1,1014,NW,UN,33,winfer,ROUPET,z,,,,,,,,,,,,,,,,,
,,,,,,,,,,,,,,,,,,5f8d8248de70e707b27f4896,2020-11-27_15h03.59.257,lexical_decision_task_MP_exp2,2020.2.5,Win32,60,m,1,0.730905,,,,,,,,0.730905,1,0,4,4,0,1,1001,WORD,"ID",33,utopia,UTOPIA,m,,,,,,,,,,,,,,,,,
,,,,,,,,,,,,,,,,,,5f8d8248de70e707b27f4896,2020-11-27_15h03.59.257,lexical_decision_task_MP_exp2,2020.2.5,Win32,60,m,1,0.592445,,,,,,,,0.592445,1,0,5,5,5,1,1006,WORD,UN,33,frenzy,OBTAIN,m,,,,,,,,,,,,,,,,,
,,,,,,,,,,,,,,,,,,5f8d8248de70e707b27f4896,2020-11-27_15h03.59.257,lexical_decision_task_MP_exp2,2020.2.5,Win32,60,z,1,0.89915,,,,,,,,0.89915,1,0,6,6,11,1,1012,NW,"ID",16,rashet,RASHET,z,,,,,,,,,,,,,,,,,
,,,,,,,,,,,,,,,,,,5f8d8248de70e707b27f4896,2020-11-27_15h03.59.257,lexical_decision_task_MP_exp2,2020.2.5,Win32,60,m,1,0.553925,,,,,,,,0.553925,1,0,7,7,1,1,1002,WORD,"ID",33,adjust,ADJUST,m,,,,,,,,,,,,,,,,,
,,,,,,,,,,,,,,,,,,5f8d8248de70e707b27f4896,2020-11-27_15h03.59.257,lexical_decision_task_MP_exp2,2020.2.5,Win32,60,m,1,0.514565,,,,,,,,0.514565,1,0,8,8,7,1,1008,WORD,UN,16,hurdle,VOLUME,m,,,,,,,,,,,,,,,,,
,,,,,,,,,,,,,,,,,,5f8d8248de70e707b27f4896,2020-11-27_15h03.59.257,lexical_decision_task_MP_exp2,2020.2.5,Win32,60,m,1,0.48601,,,,,,,,0.48601,1,0,9,9,6,1,1007,WORD,UN,16,tropic,ZOMBIE,m,,,,,,,,,,,,,,,,,
,,,,,,,,,,,,,,,,,,5f8d8248de70e707b27f4896,2020-11-27_15h03.59.257,lexical_decision_task_MP_exp2,2020.2.5,Win32,60,z,1,0.735245,,,,,,,,0.735245,1,0,10,10,9,1,1010,NW,"ID",33,fariny,FARINY,z,,,,,,,,,,,,,,,,,
,,,,,,,,,,,,,,,,,,5f8d8248de70e707b27f4896,2020-11-27_15h03.59.257,lexical_decision_task_MP_exp2,2020.2.5,Win32,60,z,1,0.859345,,,,,,,,0.859345,1,0,11,11,10,1,1011,NW,"ID",16,inlade,INLADE,z,,,,,,,,,,,,,,,,,
,,,,,,,,,,,,,,,,,,5f8d8248de70e707b27f4896,2020-11-27_15h03.59.257,lexical_decision_task_MP_exp2,2020.2.5,Win32,60,z,1,0.746245,,,,,,,,0.746245,1,0,12,12,12,1,1013,NW,UN,33,adveil,SPRINY,z,,,,,,,,,,,,,,,,,
,,,,,,,,,,,,,,,,,,5f8d8248de70e707b27f4896,2020-11-27_15h03.59.257,lexical_decision_task_MP_exp2,2020.2.5,Win32,60,z,1,0.78098,,,,,,,,0.78098,1,0,13,13,15,1,1016,NW,UN,16,mushed,WHAISE,z,,,,,,,,,,,,,,,,,
,,,,,,,,,,,,,,,,,,5f8d8248de70e707b27f4896,2020-11-27_15h03.59.257,lexical_decision_task_MP_exp2,2020.2.5,Win32,60,z,1,0.75813,,,,,,,,0.75813,1,0,14,14,8,1,1009,NW,"ID",33,aslert,ASLERT,z,,,,,,,,,,,,,,,,,
,,,,,,,,,,,,,,,,,,5f8d8248de70e707b27f4896,2020-11-27_15h03.59.257,lexical_decision_task_MP_exp2,2020.2.5,Win32,60,m,1,0.64025,,,,,,,,0.64025,1,0,15,15,2,1,1003,WORD,"ID",16,almond,ALMOND,m,,,,,,,,,,,,,,,,,
,space,11.278785,-0.025,-0.081481481,0,0,0,,,,,,1,end_of_practice,"You have completed the practice trials. During the experimental trials, you will not receive feedback, but it is very important that you respond as quickly and accurately as possible. 
Before you begin, please ensure that you are in a comfortable and quiet location and will not be disturbed for about 15 minutes, as we cannot use your data if you do not complete all the trials. 
There will be opportunities to take breaks at regular intervals during the experiment. When you are ready to start the experimental trials, please press space or touch the button below.",,,5f8d8248de70e707b27f4896,2020-11-27_15h03.59.257,lexical_decision_task_MP_exp2,2020.2.5,Win32,60,,,,,,,,,,,,,,,,,,,,,,,,,0,0,0,0,1,,,,,,,,,,,,
,,,,,,,,,,,,,,,,,,5f8d8248de70e707b27f4896,2020-11-27_15h03.59.257,lexical_decision_task_MP_exp2,2020.2.5,Win32,60,z,1,0.89859,,,,,,,,0.89859,1,,,,,,292,NW,UN,16,swance,ABLINT,z,,,,,,-0.025,-0.081481481,0,0,0,,0,0,0,471,1,
,,,,,,,,,,,,,,,,,,5f8d8248de70e707b27f4896,2020-11-27_15h03.59.257,lexical_decision_task_MP_exp2,2020.2.5,Win32,60,z,1,0.815555,,,,,,,,0.815555,1,,,,,,248,NW,UN,16,batrol,STROLE,z,,,,,,-0.025,-0.081481481,0,0,0,,0,1,1,427,1,
,,,,,,,,,,,,,,,,,,5f8d8248de70e707b27f4896,2020-11-27_15h03.59.257,lexical_decision_task_MP_exp2,2020.2.5,Win32,60,m,1,0.570565,,,,,,,,0.570565,1,,,,,,109,WORD,"ID",33,wonder,WONDER,m,,,,,,-0.025,-0.081481481,0,0,0,,0,2,2,48,1,
,,,,,,,,,,,,,,,,,,5f8d8248de70e707b27f4896,2020-11-27_15h03.59.257,lexical_decision_task_MP_exp2,2020.2.5,Win32,60,m,1,0.65059,,,,,,,,0.65059,1,,,,,,134,WORD,"ID",16,staple,STAPLE,m,,,,,,-0.025,-0.081481481,0,0,0,,0,3,3,73,1,
,,,,,,,,,,,,,,,,,,5f8d8248de70e707b27f4896,2020-11-27_15h03.59.257,lexical_decision_task_MP_exp2,2020.2.5,Win32,60,m,1,0.53863,,,,,,,,0.53863,1,,,,,,63,WORD,"ID",33,launch,LAUNCH,m,,,,,,-0.025,-0.081481481,0,0,0,,0,4,4,2,1,
,,,,,,,,,,,,,,,,,,5f8d8248de70e707b27f4896,2020-11-27_15h03.59.257,lexical_decision_task_MP_exp2,2020.2.5,Win32,60,z,1,0.65054,,,,,,,,0.65054,1,,,,,,437,NW,UN,33,baitch,SNAPEL,z,,,,,,-0.025,-0.081481481,0,0,0,,0,5,5,376,1,
,,,,,,,,,,,,,,,,,,5f8d8248de70e707b27f4896,2020-11-27_15h03.59.257,lexical_decision_task_MP_exp2,2020.2.5,Win32,60,m,1,0.513495,,,,,,,,0.513495,1,,,,,,25,WORD,UN,16,sprint,DOMAIN,m,,,,,,-0.025,-0.081481481,0,0,0,,0,6,6,204,1,
,,,,,,,,,,,,,,,,,,5f8d8248de70e707b27f4896,2020-11-27_15h03.59.257,lexical_decision_task_MP_exp2,2020.2.5,Win32,60,m,1,0.586445,,,,,,,,0.586445,1,,,,,,142,WORD,"ID",16,spruce,SPRUCE,m,,,,,,-0.025,-0.081481481,0,0,0,,0,7,7,81,1,
,,,,,,,,,,,,,,,,,,5f8d8248de70e707b27f4896,2020-11-27_15h03.59.257,lexical_decision_task_MP_exp2,2020.2.5,Win32,60,m,1,0.518985,,,,,,,,0.518985,1,,,,,,150,WORD,"ID",16,random,RANDOM,m,,,,,,-0.025,-0.081481481,0,0,0,,0,8,8,89,1,
,,,,,,,,,,,,,,,,,,5f8d8248de70e707b27f4896,2020-11-27_15h03.59.257,lexical_decision_task_MP_exp2,2020.2.5,Win32,60,z,1,0.65757,,,,,,,,0.65757,1,,,,,,375,NW,"ID",16,yorque,YORQUE,z,,,,,,-0.025,-0.081481481,0,0,0,,0,9,9,314,1,
,,,,,,,,,,,,,,,,,,5f8d8248de70e707b27f4896,2020-11-27_15h03.59.257,lexical_decision_task_MP_exp2,2020.2.5,Win32,60,m,1,0.439875,,,,,,,,0.439875,1,,,,,,172,WORD,"ID",16,patrol,PATROL,m,,,,,,-0.025,-0.081481481,0,0,0,,0,10,10,111,1,
,,,,,,,,,,,,,,,,,,5f8d8248de70e707b27f4896,2020-11-27_15h03.59.257,lexical_decision_task_MP_exp2,2020.2.5,Win32,60,m,1,0.647845,,,,,,,,0.647845,1,,,,,,54,WORD,UN,16,stroke,RAMBLE,m,,,,,,-0.025,-0.081481481,0,0,0,,0,11,11,233,1,
,,,,,,,,,,,,,,,,,,5f8d8248de70e707b27f4896,2020-11-27_15h03.59.257,lexical_decision_task_MP_exp2,2020.2.5,Win32,60,m,1,0.549225,,,,,,,,0.549225,1,,,,,,217,WORD,UN,33,shrink,LIQUOR,m,,,,,,-0.025,-0.081481481,0,0,0,,0,12,12,156,1,
,,,,,,,,,,,,,,,,,,5f8d8248de70e707b27f4896,2020-11-27_15h03.59.257,lexical_decision_task_MP_exp2,2020.2.5,Win32,60,m,1,0.53049,,,,,,,,0.53049,1,,,,,,18,WORD,UN,16,patron,HUMBLE,m,,,,,,-0.025,-0.081481481,0,0,0,,0,13,13,197,1,
,,,,,,,,,,,,,,,,,,5f8d8248de70e707b27f4896,2020-11-27_15h03.59.257,lexical_decision_task_MP_exp2,2020.2.5,Win32,60,z,1,0.71366,,,,,,,,0.71366,1,,,,,,432,NW,UN,33,drance,LUNKER,z,,,,,,-0.025,-0.081481481,0,0,0,,0,14,14,371,1,
,,,,,,,,,,,,,,,,,,5f8d8248de70e707b27f4896,2020-11-27_15h03.59.257,lexical_decision_task_MP_exp2,2020.2.5,Win32,60,z,0,0.688865,,,,,,,,0.688865,0,,,,,,30,WORD,UN,16,weapon,ORIENT,m,,,,,,-0.025,-0.081481481,0,0,0,,0,15,15,209,1,
,,,,,,,,,,,,,,,,,,5f8d8248de70e707b27f4896,2020-11-27_15h03.59.257,lexical_decision_task_MP_exp2,2020.2.5,Win32,60,z,1,1.106825,,,,,,,,1.106825,1,,,,,,444,NW,UN,33,minkel,JAUNCE,z,,,,,,-0.025,-0.081481481,0,0,0,,0,16,16,383,1,
,,,,,,,,,,,,,,,,,,5f8d8248de70e707b27f4896,2020-11-27_15h03.59.257,lexical_decision_task_MP_exp2,2020.2.5,Win32,60,m,1,0.56965,,,,,,,,0.56965,1,,,,,,146,WORD,"ID",16,couple,COUPLE,m,,,,,,-0.025,-0.081481481,0,0,0,,0,17,17,85,1,
,,,,,,,,,,,,,,,,,,5f8d8248de70e707b27f4896,2020-11-27_15h03.59.257,lexical_decision_task_MP_exp2,2020.2.5,Win32,60,z,1,0.979185,,,,,,,,0.979185,1,,,,,,440,NW,UN,33,rastoe,SARIDE,z,,,,,,-0.025,-0.081481481,0,0,0,,0,18,18,379,1,
,,,,,,,,,,,,,,,,,,5f8d8248de70e707b27f4896,2020-11-27_15h03.59.257,lexical_decision_task_MP_exp2,2020.2.5,Win32,60,m,1,0.546715,,,,,,,,0.546715,1,,,,,,97,WORD,"ID",33,client,CLIENT,m,,,,,,-0.025,-0.081481481,0,0,0,,0,19,19,36,1,
,,,,,,,,,,,,,,,,,,5f8d8248de70e707b27f4896,2020-11-27_15h03.59.257,lexical_decision_task_MP_exp2,2020.2.5,Win32,60,z,1,0.800725,,,,,,,,0.800725,1,,,,,,328,NW,"ID",33,broake,BROAKE,z,,,,,,-0.025,-0.081481481,0,0,0,,0,20,20,267,1,
,,,,,,,,,,,,,,,,,,5f8d8248de70e707b27f4896,2020-11-27_15h03.59.257,lexical_decision_task_MP_exp2,2020.2.5,Win32,60,z,1,0.798225,,,,,,,,0.798225,1,,,,,,288,NW,UN,16,starby,YACEUP,z,,,,,,-0.025,-0.081481481,0,0,0,,0,21,21,467,1,
,,,,,,,,,,,,,,,,,,5f8d8248de70e707b27f4896,2020-11-27_15h03.59.257,lexical_decision_task_MP_exp2,2020.2.5,Win32,60,m,1,0.560815,,,,,,,,0.560815,1,,,,,,220,WORD,UN,33,mascot,VOYAGE,m,,,,,,-0.025,-0.081481481,0,0,0,,0,22,22,159,1,
,,,,,,,,,,,,,,,,,,5f8d8248de70e707b27f4896,2020-11-27_15h03.59.257,lexical_decision_task_MP_exp2,2020.2.5,Win32,60,z,1,0.84004,,,,,,,,0.84004,1,,,,,,261,NW,UN,16,quilew,STUNCH,z,,,,,,-0.025,-0.081481481,0,0,0,,0,23,23,440,1,
,,,,,,,,,,,,,,,,,,5f8d8248de70e707b27f4896,2020-11-27_15h03.59.257,lexical_decision_task_MP_exp2,2020.2.5,Win32,60,z,1,0.732665,,,,,,,,0.732665,1,,,,,,244,NW,UN,16,anougs,EATRIC,z,,,,,,-0.025,-0.081481481,0,0,0,,0,24,24,423,1,
,,,,,,,,,,,,,,,,,,5f8d8248de70e707b27f4896,2020-11-27_15h03.59.257,lexical_decision_task_MP_exp2,2020.2.5,Win32,60,z,1,0.63857,,,,,,,,0.63857,1,,,,,,376,NW,"ID",16,iguare,IGUARE,z,,,,,,-0.025,-0.081481481,0,0,0,,0,25,25,315,1,
,,,,,,,,,,,,,,,,,,5f8d8248de70e707b27f4896,2020-11-27_15h03.59.257,lexical_decision_task_MP_exp2,2020.2.5,Win32,60,z,1,0.682595,,,,,,,,0.682595,1,,,,,,337,NW,"ID",33,rejols,REJOLS,z,,,,,,-0.025,-0.081481481,0,0,0,,0,26,26,276,1,
,,,,,,,,,,,,,,,,,,5f8d8248de70e707b27f4896,2020-11-27_15h03.59.257,lexical_decision_task_MP_exp2,2020.2.5,Win32,60,m,1,0.61832,,,,,,,,0.61832,1,,,,,,213,WORD,UN,33,intake,SQUEAL,m,,,,,,-0.025,-0.081481481,0,0,0,,0,27,27,152,1,
,,,,,,,,,,,,,,,,,,5f8d8248de70e707b27f4896,2020-11-27_15h03.59.257,lexical_decision_task_MP_exp2,2020.2.5,Win32,60,m,1,0.544245,,,,,,,,0.544245,1,,,,,,107,WORD,"ID",33,slogan,SLOGAN,m,,,,,,-0.025,-0.081481481,0,0,0,,0,28,28,46,1,
,,,,,,,,,,,,,,,,,,5f8d8248de70e707b27f4896,2020-11-27_15h03.59.257,lexical_decision_task_MP_exp2,2020.2.5,Win32,60,z,1,0.676535,,,,,,,,0.676535,1,,,,,,348,NW,"ID",33,dumple,DUMPLE,z,,,,,,-0.025,-0.081481481,0,0,0,,0,29,29,287,1,
,,,,,,,,,,,,,,,,,,5f8d8248de70e707b27f4896,2020-11-27_15h03.59.257,lexical_decision_task_MP_exp2,2020.2.5,Win32,60,z,1,0.604145,,,,,,,,0.604145,1,,,,,,294,NW,UN,16,gleath,INHORT,z,,,,,,-0.025,-0.081481481,0,0,0,,0,30,30,473,1,
,,,,,,,,,,,,,,,,,,5f8d8248de70e707b27f4896,2020-11-27_15h03.59.257,lexical_decision_task_MP_exp2,2020.2.5,Win32,60,z,1,0.676795,,,,,,,,0.676795,1,,,,,,253,NW,UN,16,varosh,RESAIT,z,,,,,,-0.025,-0.081481481,0,0,0,,0,31,31,432,1,
,,,,,,,,,,,,,,,,,,5f8d8248de70e707b27f4896,2020-11-27_15h03.59.257,lexical_decision_task_MP_exp2,2020.2.5,Win32,60,m,1,0.480895,,,,,,,,0.480895,1,,,,,,105,WORD,"ID",33,number,NUMBER,m,,,,,,-0.025,-0.081481481,0,0,0,,0,32,32,44,1,
,,,,,,,,,,,,,,,,,,5f8d8248de70e707b27f4896,2020-11-27_15h03.59.257,lexical_decision_task_MP_exp2,2020.2.5,Win32,60,z,1,0.623765,,,,,,,,0.623765,1,,,,,,297,NW,UN,16,piergy,FERTIC,z,,,,,,-0.025,-0.081481481,0,0,0,,0,33,33,476,1,
,,,,,,,,,,,,,,,,,,5f8d8248de70e707b27f4896,2020-11-27_15h03.59.257,lexical_decision_task_MP_exp2,2020.2.5,Win32,60,z,1,0.579405,,,,,,,,0.579405,1,,,,,,247,NW,UN,16,strole,BLARGE,z,,,,,,-0.025,-0.081481481,0,0,0,,0,34,34,426,1,
,,,,,,,,,,,,,,,,,,5f8d8248de70e707b27f4896,2020-11-27_15h03.59.257,lexical_decision_task_MP_exp2,2020.2.5,Win32,60,m,1,0.56557,,,,,,,,0.56557,1,,,,,,157,WORD,"ID",16,dragon,DRAGON,m,,,,,,-0.025,-0.081481481,0,0,0,,0,35,35,96,1,
,,,,,,,,,,,,,,,,,,5f8d8248de70e707b27f4896,2020-11-27_15h03.59.257,lexical_decision_task_MP_exp2,2020.2.5,Win32,60,z,1,0.687555,,,,,,,,0.687555,1,,,,,,461,NW,UN,33,absult,JUSTRE,z,,,,,,-0.025,-0.081481481,0,0,0,,0,36,36,400,1,
,,,,,,,,,,,,,,,,,,5f8d8248de70e707b27f4896,2020-11-27_15h03.59.257,lexical_decision_task_MP_exp2,2020.2.5,Win32,60,m,1,0.55514,,,,,,,,0.55514,1,,,,,,26,WORD,UN,16,butler,SPRINT,m,,,,,,-0.025,-0.081481481,0,0,0,,0,37,37,205,1,
,,,,,,,,,,,,,,,,,,5f8d8248de70e707b27f4896,2020-11-27_15h03.59.257,lexical_decision_task_MP_exp2,2020.2.5,Win32,60,z,1,0.75351,,,,,,,,0.75351,1,,,,,,322,NW,"ID",33,slanch,SLANCH,z,,,,,,-0.025,-0.081481481,0,0,0,,0,38,38,261,1,
,,,,,,,,,,,,,,,,,,5f8d8248de70e707b27f4896,2020-11-27_15h03.59.257,lexical_decision_task_MP_exp2,2020.2.5,Win32,60,m,1,0.625105,,,,,,,,0.625105,1,,,,,,3,WORD,UN,16,trench,KNIGHT,m,,,,,,-0.025,-0.081481481,0,0,0,,0,39,39,182,1,
,,,,,,,,,,,,,,,,,,5f8d8248de70e707b27f4896,2020-11-27_15h03.59.257,lexical_decision_task_MP_exp2,2020.2.5,Win32,60,m,1,0.61319,,,,,,,,0.61319,1,,,,,,53,WORD,UN,16,ramble,POLICE,m,,,,,,-0.025,-0.081481481,0,0,0,,0,40,40,232,1,
,,,,,,,,,,,,,,,,,,5f8d8248de70e707b27f4896,2020-11-27_15h03.59.257,lexical_decision_task_MP_exp2,2020.2.5,Win32,60,m,1,0.549155,,,,,,,,0.549155,1,,,,,,190,WORD,UN,33,stable,BACKUP,m,,,,,,-0.025,-0.081481481,0,0,0,,0,41,41,129,1,
,,,,,,,,,,,,,,,,,,5f8d8248de70e707b27f4896,2020-11-27_15h03.59.257,lexical_decision_task_MP_exp2,2020.2.5,Win32,60,z,1,0.68261,,,,,,,,0.68261,1,,,,,,466,NW,UN,33,robuly,HOCITE,z,,,,,,-0.025,-0.081481481,0,0,0,,0,42,42,405,1,
,,,,,,,,,,,,,,,,,,5f8d8248de70e707b27f4896,2020-11-27_15h03.59.257,lexical_decision_task_MP_exp2,2020.2.5,Win32,60,z,1,0.69204,,,,,,,,0.69204,1,,,,,,360,NW,"ID",33,desory,DESORY,z,,,,,,-0.025,-0.081481481,0,0,0,,0,43,43,299,1,
,,,,,,,,,,,,,,,,,,5f8d8248de70e707b27f4896,2020-11-27_15h03.59.257,lexical_decision_task_MP_exp2,2020.2.5,Win32,60,m,1,0.564015,,,,,,,,0.564015,1,,,,,,21,WORD,UN,16,jockey,SIMPLE,m,,,,,,-0.025,-0.081481481,0,0,0,,0,44,44,200,1,
,,,,,,,,,,,,,,,,,,5f8d8248de70e707b27f4896,2020-11-27_15h03.59.257,lexical_decision_task_MP_exp2,2020.2.5,Win32,60,z,1,0.61054,,,,,,,,0.61054,1,,,,,,406,NW,"ID",16,nouply,NOUPLY,z,,,,,,-0.025,-0.081481481,0,0,0,,0,45,45,345,1,
,,,,,,,,,,,,,,,,,,5f8d8248de70e707b27f4896,2020-11-27_15h03.59.257,lexical_decision_task_MP_exp2,2020.2.5,Win32,60,z,1,0.64139,,,,,,,,0.64139,1,,,,,,279,NW,UN,16,curbol,CELOND,z,,,,,,-0.025,-0.081481481,0,0,0,,0,46,46,458,1,
,,,,,,,,,,,,,,,,,,5f8d8248de70e707b27f4896,2020-11-27_15h03.59.257,lexical_decision_task_MP_exp2,2020.2.5,Win32,60,z,1,0.667755,,,,,,,,0.667755,1,,,,,,464,NW,UN,33,whivex,CHAITE,z,,,,,,-0.025,-0.081481481,0,0,0,,0,47,47,403,1,
,,,,,,,,,,,,,,,,,,5f8d8248de70e707b27f4896,2020-11-27_15h03.59.257,lexical_decision_task_MP_exp2,2020.2.5,Win32,60,z,1,0.59429,,,,,,,,0.59429,1,,,,,,450,NW,UN,33,cainky,PHRECT,z,,,,,,-0.025,-0.081481481,0,0,0,,0,48,48,389,1,
,,,,,,,,,,,,,,,,,,5f8d8248de70e707b27f4896,2020-11-27_15h03.59.257,lexical_decision_task_MP_exp2,2020.2.5,Win32,60,m,1,0.644525,,,,,,,,0.644525,1,,,,,,29,WORD,UN,16,orient,SKETCH,m,,,,,,-0.025,-0.081481481,0,0,0,,0,49,49,208,1,
,,,,,,,,,,,,,,,,,,5f8d8248de70e707b27f4896,2020-11-27_15h03.59.257,lexical_decision_task_MP_exp2,2020.2.5,Win32,60,m,1,0.58345,,,,,,,,0.58345,1,,,,,,219,WORD,UN,33,voyage,BUCKET,m,,,,,,-0.025,-0.081481481,0,0,0,,0,50,50,158,1,
,,,,,,,,,,,,,,,,,,5f8d8248de70e707b27f4896,2020-11-27_15h03.59.257,lexical_decision_task_MP_exp2,2020.2.5,Win32,60,z,1,0.732235,,,,,,,,0.732235,1,,,,,,332,NW,"ID",33,vangue,VANGUE,z,,,,,,-0.025,-0.081481481,0,0,0,,0,51,51,271,1,
,,,,,,,,,,,,,,,,,,5f8d8248de70e707b27f4896,2020-11-27_15h03.59.257,lexical_decision_task_MP_exp2,2020.2.5,Win32,60,m,1,0.70571,,,,,,,,0.70571,1,,,,,,52,WORD,UN,16,police,IMPOSE,m,,,,,,-0.025,-0.081481481,0,0,0,,0,52,52,231,1,
,,,,,,,,,,,,,,,,,,5f8d8248de70e707b27f4896,2020-11-27_15h03.59.257,lexical_decision_task_MP_exp2,2020.2.5,Win32,60,z,1,0.5845,,,,,,,,0.5845,1,,,,,,296,NW,UN,16,fertic,BEINCH,z,,,,,,-0.025,-0.081481481,0,0,0,,0,53,53,475,1,
,,,,,,,,,,,,,,,,,,5f8d8248de70e707b27f4896,2020-11-27_15h03.59.257,lexical_decision_task_MP_exp2,2020.2.5,Win32,60,z,1,0.78862,,,,,,,,0.78862,1,,,,,,457,NW,UN,33,barcet,WANIGH,z,,,,,,-0.025,-0.081481481,0,0,0,,0,54,54,396,1,
,,,,,,,,,,,,,,,,,,5f8d8248de70e707b27f4896,2020-11-27_15h03.59.257,lexical_decision_task_MP_exp2,2020.2.5,Win32,60,m,1,0.552035,,,,,,,,0.552035,1,,,,,,121,WORD,"ID",16,thrive,THRIVE,m,,,,,,-0.025,-0.081481481,0,0,0,,0,55,55,60,1,
,,,,,,,,,,,,,,,,,,5f8d8248de70e707b27f4896,2020-11-27_15h03.59.257,lexical_decision_task_MP_exp2,2020.2.5,Win32,60,z,1,0.640785,,,,,,,,0.640785,1,,,,,,330,NW,"ID",33,kensom,KENSOM,z,,,,,,-0.025,-0.081481481,0,0,0,,0,56,56,269,1,
,,,,,,,,,,,,,,,,,,5f8d8248de70e707b27f4896,2020-11-27_15h03.59.257,lexical_decision_task_MP_exp2,2020.2.5,Win32,60,z,1,0.566485,,,,,,,,0.566485,1,,,,,,343,NW,"ID",33,aimosy,AIMOSY,z,,,,,,-0.025,-0.081481481,0,0,0,,0,57,57,282,1,
,,,,,,,,,,,,,,,,,,5f8d8248de70e707b27f4896,2020-11-27_15h03.59.257,lexical_decision_task_MP_exp2,2020.2.5,Win32,60,m,1,0.89741,,,,,,,,0.89741,1,,,,,,69,WORD,"ID",33,plenty,PLENTY,m,,,,,,-0.025,-0.081481481,0,0,0,,0,58,58,8,1,
,,,,,,,,,,,,,,,,,,5f8d8248de70e707b27f4896,2020-11-27_15h03.59.257,lexical_decision_task_MP_exp2,2020.2.5,Win32,60,z,1,0.680605,,,,,,,,0.680605,1,,,,,,246,NW,UN,16,blarge,PIATON,z,,,,,,-0.025,-0.081481481,0,0,0,,0,59,59,425,1,
,,,,,,,,,,,,,,,,,,5f8d8248de70e707b27f4896,2020-11-27_15h03.59.257,lexical_decision_task_MP_exp2,2020.2.5,Win32,60,m,0,0.54801,,,,,,,,0.54801,0,,,,,,398,NW,"ID",16,blunde,BLUNDE,z,,,,,,-0.025,-0.081481481,0,0,0,,0,60,60,337,1,
,,,,,,,,,,,,,,,,,,5f8d8248de70e707b27f4896,2020-11-27_15h03.59.257,lexical_decision_task_MP_exp2,2020.2.5,Win32,60,z,1,0.74868,,,,,,,,0.74868,1,,,,,,392,NW,"ID",16,rouncy,ROUNCY,z,,,,,,-0.025,-0.081481481,0,0,0,,0,61,61,331,1,
,,,,,,,,,,,,,,,,,,5f8d8248de70e707b27f4896,2020-11-27_15h03.59.257,lexical_decision_task_MP_exp2,2020.2.5,Win32,60,m,1,1.17613,,,,,,,,1.17613,1,,,,,,175,WORD,"ID",16,fabric,FABRIC,m,,,,,,-0.025,-0.081481481,0,0,0,,0,62,62,114,1,
,,,,,,,,,,,,,,,,,,5f8d8248de70e707b27f4896,2020-11-27_15h03.59.257,lexical_decision_task_MP_exp2,2020.2.5,Win32,60,m,1,0.560025,,,,,,,,0.560025,1,,,,,,163,WORD,"ID",16,string,STRING,m,,,,,,-0.025,-0.081481481,0,0,0,,0,63,63,102,1,
,,,,,,,,,,,,,,,,,,5f8d8248de70e707b27f4896,2020-11-27_15h03.59.257,lexical_decision_task_MP_exp2,2020.2.5,Win32,60,z,1,0.594635,,,,,,,,0.594635,1,,,,,,388,NW,"ID",16,cragin,CRAGIN,z,,,,,,-0.025,-0.081481481,0,0,0,,0,64,64,327,1,
,,,,,,,,,,,,,,,,,,5f8d8248de70e707b27f4896,2020-11-27_15h03.59.257,lexical_decision_task_MP_exp2,2020.2.5,Win32,60,z,1,0.615915,,,,,,,,0.615915,1,,,,,,366,NW,"ID",16,toshel,TOSHEL,z,,,,,,-0.025,-0.081481481,0,0,0,,0,65,65,305,1,
,,,,,,,,,,,,,,,,,,5f8d8248de70e707b27f4896,2020-11-27_15h03.59.257,lexical_decision_task_MP_exp2,2020.2.5,Win32,60,z,1,0.9219,,,,,,,,0.9219,1,,,,,,452,NW,UN,33,bolvis,SURDEN,z,,,,,,-0.025,-0.081481481,0,0,0,,0,66,66,391,1,
,,,,,,,,,,,,,,,,,,5f8d8248de70e707b27f4896,2020-11-27_15h03.59.257,lexical_decision_task_MP_exp2,2020.2.5,Win32,60,z,1,1.07865,,,,,,,,1.07865,1,,,,,,319,NW,"ID",33,zomber,ZOMBER,z,,,,,,-0.025,-0.081481481,0,0,0,,0,67,67,258,1,
,,,,,,,,,,,,,,,,,,5f8d8248de70e707b27f4896,2020-11-27_15h03.59.257,lexical_decision_task_MP_exp2,2020.2.5,Win32,60,m,1,0.78566,,,,,,,,0.78566,1,,,,,,64,WORD,"ID",33,throne,THRONE,m,,,,,,-0.025,-0.081481481,0,0,0,,0,68,68,3,1,
,,,,,,,,,,,,,,,,,,5f8d8248de70e707b27f4896,2020-11-27_15h03.59.257,lexical_decision_task_MP_exp2,2020.2.5,Win32,60,m,1,1.301575,,,,,,,,1.301575,1,,,,,,221,WORD,UN,33,hinder,MASCOT,m,,,,,,-0.025,-0.081481481,0,0,0,,0,69,69,160,1,
,,,,,,,,,,,,,,,,,,5f8d8248de70e707b27f4896,2020-11-27_15h03.59.257,lexical_decision_task_MP_exp2,2020.2.5,Win32,60,z,1,0.6233,,,,,,,,0.6233,1,,,,,,400,NW,"ID",16,wearox,WEAROX,z,,,,,,-0.025,-0.081481481,0,0,0,,0,70,70,339,1,
,,,,,,,,,,,,,,,,,,5f8d8248de70e707b27f4896,2020-11-27_15h03.59.257,lexical_decision_task_MP_exp2,2020.2.5,Win32,60,m,1,0.516985,,,,,,,,0.516985,1,,,,,,130,WORD,"ID",16,stupid,STUPID,m,,,,,,-0.025,-0.081481481,0,0,0,,0,71,71,69,1,
,,,,,,,,,,,,,,,,,,5f8d8248de70e707b27f4896,2020-11-27_15h03.59.257,lexical_decision_task_MP_exp2,2020.2.5,Win32,60,z,1,0.851985,,,,,,,,0.851985,1,,,,,,344,NW,"ID",33,scrily,SCRILY,z,,,,,,-0.025,-0.081481481,0,0,0,,0,72,72,283,1,
,,,,,,,,,,,,,,,,,,5f8d8248de70e707b27f4896,2020-11-27_15h03.59.257,lexical_decision_task_MP_exp2,2020.2.5,Win32,60,z,1,0.656555,,,,,,,,0.656555,1,,,,,,445,NW,UN,33,runamo,MINKEL,z,,,,,,-0.025,-0.081481481,0,0,0,,0,73,73,384,1,
,,,,,,,,,,,,,,,,,,5f8d8248de70e707b27f4896,2020-11-27_15h03.59.257,lexical_decision_task_MP_exp2,2020.2.5,Win32,60,m,1,0.53914,,,,,,,,0.53914,1,,,,,,160,WORD,"ID",16,violet,VIOLET,m,,,,,,-0.025,-0.081481481,0,0,0,,0,74,74,99,1,
,,,,,,,,,,,,,,,,,,5f8d8248de70e707b27f4896,2020-11-27_15h03.59.257,lexical_decision_task_MP_exp2,2020.2.5,Win32,60,z,1,0.60984,,,,,,,,0.60984,1,,,,,,313,NW,"ID",33,paurse,PAURSE,z,,,,,,-0.025,-0.081481481,0,0,0,,0,75,75,252,1,
,,,,,,,,,,,,,,,,,,5f8d8248de70e707b27f4896,2020-11-27_15h03.59.257,lexical_decision_task_MP_exp2,2020.2.5,Win32,60,z,1,0.651135,,,,,,,,0.651135,1,,,,,,456,NW,UN,33,wanigh,BROGET,z,,,,,,-0.025,-0.081481481,0,0,0,,0,76,76,395,1,
,,,,,,,,,,,,,,,,,,5f8d8248de70e707b27f4896,2020-11-27_15h03.59.257,lexical_decision_task_MP_exp2,2020.2.5,Win32,60,m,1,0.558585,,,,,,,,0.558585,1,,,,,,91,WORD,"ID",33,expand,EXPAND,m,,,,,,-0.025,-0.081481481,0,0,0,,0,77,77,30,1,
,,,,,,,,,,,,,,,,,,5f8d8248de70e707b27f4896,2020-11-27_15h03.59.257,lexical_decision_task_MP_exp2,2020.2.5,Win32,60,z,0,0.64124,,,,,,,,0.64124,0,,,,,,83,WORD,"ID",33,result,RESULT,m,,,,,,-0.025,-0.081481481,0,0,0,,0,78,78,22,1,
,,,,,,,,,,,,,,,,,,5f8d8248de70e707b27f4896,2020-11-27_15h03.59.257,lexical_decision_task_MP_exp2,2020.2.5,Win32,60,z,1,0.779885,,,,,,,,0.779885,1,,,,,,347,NW,"ID",33,kerift,KERIFT,z,,,,,,-0.025,-0.081481481,0,0,0,,0,79,79,286,1,
,,,,,,,,,,,,,,,,,,5f8d8248de70e707b27f4896,2020-11-27_15h03.59.257,lexical_decision_task_MP_exp2,2020.2.5,Win32,60,m,1,0.59005,,,,,,,,0.59005,1,,,,,,185,WORD,UN,33,portal,BOTHER,m,,,,,,-0.025,-0.081481481,0,0,0,,0,80,80,124,1,
,,,,,,,,,,,,,,,,,,5f8d8248de70e707b27f4896,2020-11-27_15h03.59.257,lexical_decision_task_MP_exp2,2020.2.5,Win32,60,m,1,0.595765,,,,,,,,0.595765,1,,,,,,127,WORD,"ID",16,castle,CASTLE,m,,,,,,-0.025,-0.081481481,0,0,0,,0,81,81,66,1,
,,,,,,,,,,,,,,,,,,5f8d8248de70e707b27f4896,2020-11-27_15h03.59.257,lexical_decision_task_MP_exp2,2020.2.5,Win32,60,z,1,0.749695,,,,,,,,0.749695,1,,,,,,269,NW,UN,16,wrimsy,ORCHET,z,,,,,,-0.025,-0.081481481,0,0,0,,0,82,82,448,1,
,,,,,,,,,,,,,,,,,,5f8d8248de70e707b27f4896,2020-11-27_15h03.59.257,lexical_decision_task_MP_exp2,2020.2.5,Win32,60,z,1,0.81525,,,,,,,,0.81525,1,,,,,,260,NW,UN,16,stunch,UNJECT,z,,,,,,-0.025,-0.081481481,0,0,0,,0,83,83,439,1,
,,,,,,,,,,,,,,,,,,5f8d8248de70e707b27f4896,2020-11-27_15h03.59.257,lexical_decision_task_MP_exp2,2020.2.5,Win32,60,z,1,0.75191,,,,,,,,0.75191,1,,,,,,420,NW,"ID",16,gushop,GUSHOP,z,,,,,,-0.025,-0.081481481,0,0,0,,0,84,84,359,1,
,,,,,,,,,,,,,,,,,,5f8d8248de70e707b27f4896,2020-11-27_15h03.59.257,lexical_decision_task_MP_exp2,2020.2.5,Win32,60,m,1,0.576845,,,,,,,,0.576845,1,,,,,,193,WORD,UN,33,mildew,OBJECT,m,,,,,,-0.025,-0.081481481,0,0,0,,0,85,85,132,1,
,,,,,,,,,,,,,,,,,,5f8d8248de70e707b27f4896,2020-11-27_15h03.59.257,lexical_decision_task_MP_exp2,2020.2.5,Win32,60,m,1,0.606,,,,,,,,0.606,1,,,,,,49,WORD,UN,16,snatch,SURVEY,m,,,,,,-0.025,-0.081481481,0,0,0,,0,86,86,228,1,
,,,,,,,,,,,,,,,,,,5f8d8248de70e707b27f4896,2020-11-27_15h03.59.257,lexical_decision_task_MP_exp2,2020.2.5,Win32,60,m,1,0.56838,,,,,,,,0.56838,1,,,,,,203,WORD,UN,33,burden,PHRASE,m,,,,,,-0.025,-0.081481481,0,0,0,,0,87,87,142,1,
,,,,,,,,,,,,,,,,,,5f8d8248de70e707b27f4896,2020-11-27_15h03.59.257,lexical_decision_task_MP_exp2,2020.2.5,Win32,60,m,1,0.55379,,,,,,,,0.55379,1,,,,,,240,WORD,UN,33,seldom,FOREST,m,,,,,,-0.025,-0.081481481,0,0,0,,0,88,88,179,1,
,,,,,,,,,,,,,,,,,,5f8d8248de70e707b27f4896,2020-11-27_15h03.59.257,lexical_decision_task_MP_exp2,2020.2.5,Win32,60,m,1,0.51527,,,,,,,,0.51527,1,,,,,,159,WORD,"ID",16,detail,DETAIL,m,,,,,,-0.025,-0.081481481,0,0,0,,0,89,89,98,1,
,,,,,,,,,,,,,,,,,,5f8d8248de70e707b27f4896,2020-11-27_15h03.59.257,lexical_decision_task_MP_exp2,2020.2.5,Win32,60,m,1,0.55781,,,,,,,,0.55781,1,,,,,,11,WORD,UN,16,amount,CRUISE,m,,,,,,-0.025,-0.081481481,0,0,0,,0,90,90,190,1,
,,,,,,,,,,,,,,,,,,5f8d8248de70e707b27f4896,2020-11-27_15h03.59.257,lexical_decision_task_MP_exp2,2020.2.5,Win32,60,z,1,0.940915,,,,,,,,0.940915,1,,,,,,454,NW,UN,33,tondle,SCOUGE,z,,,,,,-0.025,-0.081481481,0,0,0,,0,91,91,393,1,
,,,,,,,,,,,,,,,,,,5f8d8248de70e707b27f4896,2020-11-27_15h03.59.257,lexical_decision_task_MP_exp2,2020.2.5,Win32,60,m,1,0.52651,,,,,,,,0.52651,1,,,,,,164,WORD,"ID",16,market,MARKET,m,,,,,,-0.025,-0.081481481,0,0,0,,0,92,92,103,1,
,,,,,,,,,,,,,,,,,,5f8d8248de70e707b27f4896,2020-11-27_15h03.59.257,lexical_decision_task_MP_exp2,2020.2.5,Win32,60,m,1,0.791615,,,,,,,,0.791615,1,,,,,,33,WORD,UN,16,jungle,BUTLER,m,,,,,,-0.025,-0.081481481,0,0,0,,0,93,93,212,1,
,,,,,,,,,,,,,,,,,,5f8d8248de70e707b27f4896,2020-11-27_15h03.59.257,lexical_decision_task_MP_exp2,2020.2.5,Win32,60,z,1,0.907115,,,,,,,,0.907115,1,,,,,,439,NW,UN,33,saride,LIMPOR,z,,,,,,-0.025,-0.081481481,0,0,0,,0,94,94,378,1,
,,,,,,,,,,,,,,,,,,5f8d8248de70e707b27f4896,2020-11-27_15h03.59.257,lexical_decision_task_MP_exp2,2020.2.5,Win32,60,z,1,0.685975,,,,,,,,0.685975,1,,,,,,446,NW,UN,33,gircue,RUNAMO,z,,,,,,-0.025,-0.081481481,0,0,0,,0,95,95,385,1,
,,,,,,,,,,,,,,,,,,5f8d8248de70e707b27f4896,2020-11-27_15h03.59.257,lexical_decision_task_MP_exp2,2020.2.5,Win32,60,m,1,0.64258,,,,,,,,0.64258,1,,,,,,40,WORD,UN,16,spring,CONVEY,m,,,,,,-0.025,-0.081481481,0,0,0,,0,96,96,219,1,
,,,,,,,,,,,,,,,,,,5f8d8248de70e707b27f4896,2020-11-27_15h03.59.257,lexical_decision_task_MP_exp2,2020.2.5,Win32,60,m,1,0.608525,,,,,,,,0.608525,1,,,,,,178,WORD,"ID",16,inform,INFORM,m,,,,,,-0.025,-0.081481481,0,0,0,,0,97,97,117,1,
,,,,,,,,,,,,,,,,,,5f8d8248de70e707b27f4896,2020-11-27_15h03.59.257,lexical_decision_task_MP_exp2,2020.2.5,Win32,60,z,1,0.57691,,,,,,,,0.57691,1,,,,,,443,NW,UN,33,jaunce,DORSEX,z,,,,,,-0.025,-0.081481481,0,0,0,,0,98,98,382,1,
,,,,,,,,,,,,,,,,,,5f8d8248de70e707b27f4896,2020-11-27_15h03.59.257,lexical_decision_task_MP_exp2,2020.2.5,Win32,60,z,1,0.647915,,,,,,,,0.647915,1,,,,,,403,NW,"ID",16,bruats,BRUATS,z,,,,,,-0.025,-0.081481481,0,0,0,,0,99,99,342,1,
,,,,,,,,,,,,,,,,,,5f8d8248de70e707b27f4896,2020-11-27_15h03.59.257,lexical_decision_task_MP_exp2,2020.2.5,Win32,60,z,1,0.64318,,,,,,,,0.64318,1,,,,,,430,NW,UN,33,chrums,CAROEY,z,,,,,,-0.025,-0.081481481,0,0,0,,0,100,100,369,1,
,,,,,,,,,,,,,,,,,,5f8d8248de70e707b27f4896,2020-11-27_15h03.59.257,lexical_decision_task_MP_exp2,2020.2.5,Win32,60,m,1,0.55001,,,,,,,,0.55001,1,,,,,,89,WORD,"ID",33,permit,PERMIT,m,,,,,,-0.025,-0.081481481,0,0,0,,0,101,101,28,1,
,,,,,,,,,,,,,,,,,,5f8d8248de70e707b27f4896,2020-11-27_15h03.59.257,lexical_decision_task_MP_exp2,2020.2.5,Win32,60,z,1,0.72635,,,,,,,,0.72635,1,,,,,,287,NW,UN,16,yaceup,NYMBEL,z,,,,,,-0.025,-0.081481481,0,0,0,,0,102,102,466,1,
,,,,,,,,,,,,,,,,,,5f8d8248de70e707b27f4896,2020-11-27_15h03.59.257,lexical_decision_task_MP_exp2,2020.2.5,Win32,60,z,1,0.954265,,,,,,,,0.954265,1,,,,,,473,NW,UN,33,hablin,CRIBLE,z,,,,,,-0.025,-0.081481481,0,0,0,,0,103,103,412,1,
,,,,,,,,,,,,,,,,,,5f8d8248de70e707b27f4896,2020-11-27_15h03.59.257,lexical_decision_task_MP_exp2,2020.2.5,Win32,60,m,1,0.5567,,,,,,,,0.5567,1,,,,,,56,WORD,UN,16,change,AMBUSH,m,,,,,,-0.025,-0.081481481,0,0,0,,0,104,104,235,1,
,,,,,,,,,,,,,,,,,,5f8d8248de70e707b27f4896,2020-11-27_15h03.59.257,lexical_decision_task_MP_exp2,2020.2.5,Win32,60,m,1,0.531705,,,,,,,,0.531705,1,,,,,,88,WORD,"ID",33,hunger,HUNGER,m,,,,,,-0.025,-0.081481481,0,0,0,,0,105,105,27,1,
,,,,,,,,,,,,,,,,,,5f8d8248de70e707b27f4896,2020-11-27_15h03.59.257,lexical_decision_task_MP_exp2,2020.2.5,Win32,60,m,1,0.552685,,,,,,,,0.552685,1,,,,,,2,WORD,UN,16,knight,BRIDGE,m,,,,,,-0.025,-0.081481481,0,0,0,,0,106,106,181,1,
,,,,,,,,,,,,,,,,,,5f8d8248de70e707b27f4896,2020-11-27_15h03.59.257,lexical_decision_task_MP_exp2,2020.2.5,Win32,60,z,1,0.573875,,,,,,,,0.573875,1,,,,,,413,NW,"ID",16,equats,EQUATS,z,,,,,,-0.025,-0.081481481,0,0,0,,0,107,107,352,1,
,,,,,,,,,,,,,,,,,,5f8d8248de70e707b27f4896,2020-11-27_15h03.59.257,lexical_decision_task_MP_exp2,2020.2.5,Win32,60,z,1,0.72059,,,,,,,,0.72059,1,,,,,,423,NW,UN,33,praile,STRELD,z,,,,,,-0.025,-0.081481481,0,0,0,,0,108,108,362,1,
,,,,,,,,,,,,,,,,,,5f8d8248de70e707b27f4896,2020-11-27_15h03.59.257,lexical_decision_task_MP_exp2,2020.2.5,Win32,60,m,1,0.53409,,,,,,,,0.53409,1,,,,,,126,WORD,"ID",16,enough,ENOUGH,m,,,,,,-0.025,-0.081481481,0,0,0,,0,109,109,65,1,
,,,,,,,,,,,,,,,,,,5f8d8248de70e707b27f4896,2020-11-27_15h03.59.257,lexical_decision_task_MP_exp2,2020.2.5,Win32,60,z,1,0.64062,,,,,,,,0.64062,1,,,,,,341,NW,"ID",33,myrtie,MYRTIE,z,,,,,,-0.025,-0.081481481,0,0,0,,0,110,110,280,1,
,,,,,,,,,,,,,,,,,,5f8d8248de70e707b27f4896,2020-11-27_15h03.59.257,lexical_decision_task_MP_exp2,2020.2.5,Win32,60,m,1,0.627175,,,,,,,,0.627175,1,,,,,,230,WORD,UN,33,mother,FRINGE,m,,,,,,-0.025,-0.081481481,0,0,0,,0,111,111,169,1,
,,,,,,,,,,,,,,,,,,5f8d8248de70e707b27f4896,2020-11-27_15h03.59.257,lexical_decision_task_MP_exp2,2020.2.5,Win32,60,z,1,0.640565,,,,,,,,0.640565,1,,,,,,299,NW,UN,16,yarion,STURCH,z,,,,,,-0.025,-0.081481481,0,0,0,,0,112,112,478,1,
,,,,,,,,,,,,,,,,,,5f8d8248de70e707b27f4896,2020-11-27_15h03.59.257,lexical_decision_task_MP_exp2,2020.2.5,Win32,60,m,1,0.57404,,,,,,,,0.57404,1,,,,,,211,WORD,UN,33,verify,INFECT,m,,,,,,-0.025,-0.081481481,0,0,0,,0,113,113,150,1,
,,,,,,,,,,,,,,,,,,5f8d8248de70e707b27f4896,2020-11-27_15h03.59.257,lexical_decision_task_MP_exp2,2020.2.5,Win32,60,z,1,0.640525,,,,,,,,0.640525,1,,,,,,241,NW,UN,16,unwert,SMENCO,z,,,,,,-0.025,-0.081481481,0,0,0,,0,114,114,420,1,
,,,,,,,,,,,,,,,,,,5f8d8248de70e707b27f4896,2020-11-27_15h03.59.257,lexical_decision_task_MP_exp2,2020.2.5,Win32,60,m,1,0.854075,,,,,,,,0.854075,1,,,,,,32,WORD,UN,16,scream,BUCKLE,m,,,,,,-0.025,-0.081481481,0,0,0,,0,115,115,211,1,
,,,,,,,,,,,,,,,,,,5f8d8248de70e707b27f4896,2020-11-27_15h03.59.257,lexical_decision_task_MP_exp2,2020.2.5,Win32,60,m,1,0.547225,,,,,,,,0.547225,1,,,,,,197,WORD,UN,33,wicked,STREAM,m,,,,,,-0.025,-0.081481481,0,0,0,,0,116,116,136,1,
,,,,,,,,,,,,,,,,,,5f8d8248de70e707b27f4896,2020-11-27_15h03.59.257,lexical_decision_task_MP_exp2,2020.2.5,Win32,60,z,1,0.58762,,,,,,,,0.58762,1,,,,,,321,NW,"ID",33,miator,MIATOR,z,,,,,,-0.025,-0.081481481,0,0,0,,0,117,117,260,1,
,,,,,,,,,,,,,,,,,,5f8d8248de70e707b27f4896,2020-11-27_15h03.59.257,lexical_decision_task_MP_exp2,2020.2.5,Win32,60,m,1,0.52084,,,,,,,,0.52084,1,,,,,,155,WORD,"ID",16,lizard,LIZARD,m,,,,,,-0.025,-0.081481481,0,0,0,,0,118,118,94,1,
,,,,,,,,,,,,,,,,,,5f8d8248de70e707b27f4896,2020-11-27_15h03.59.257,lexical_decision_task_MP_exp2,2020.2.5,Win32,60,m,1,0.54709,,,,,,,,0.54709,1,,,,,,145,WORD,"ID",16,parish,PARISH,m,,,,,,-0.025,-0.081481481,0,0,0,,0,119,119,84,1,
,,,,,,,,,,,,,,,,,,5f8d8248de70e707b27f4896,2020-11-27_15h03.59.257,lexical_decision_task_MP_exp2,2020.2.5,Win32,60,z,1,0.573755,,,,,,,,0.573755,1,,,,,,304,NW,"ID",33,cludie,CLUDIE,z,,,,,,-0.025,-0.081481481,0,0,0,space,0,120,120,243,1,5.10899
,,,,,,,,,,,,,,,,,,5f8d8248de70e707b27f4896,2020-11-27_15h03.59.257,lexical_decision_task_MP_exp2,2020.2.5,Win32,60,m,1,0.69405,,,,,,,,0.69405,1,,,,,,24,WORD,UN,16,domain,PRAISE,m,,,,,,-0.025,-0.081481481,0,0,0,,0,121,121,203,1,
,,,,,,,,,,,,,,,,,,5f8d8248de70e707b27f4896,2020-11-27_15h03.59.257,lexical_decision_task_MP_exp2,2020.2.5,Win32,60,z,1,0.533505,,,,,,,,0.533505,1,,,,,,415,NW,"ID",16,higsta,HIGSTA,z,,,,,,-0.025,-0.081481481,0,0,0,,0,122,122,354,1,
,,,,,,,,,,,,,,,,,,5f8d8248de70e707b27f4896,2020-11-27_15h03.59.257,lexical_decision_task_MP_exp2,2020.2.5,Win32,60,z,1,0.60046,,,,,,,,0.60046,1,,,,,,414,NW,"ID",16,serbol,SERBOL,z,,,,,,-0.025,-0.081481481,0,0,0,,0,123,123,353,1,
,,,,,,,,,,,,,,,,,,5f8d8248de70e707b27f4896,2020-11-27_15h03.59.257,lexical_decision_task_MP_exp2,2020.2.5,Win32,60,z,1,0.62758,,,,,,,,0.62758,1,,,,,,479,NW,UN,33,crible,LOBUSH,z,,,,,,-0.025,-0.081481481,0,0,0,,0,124,124,418,1,
,,,,,,,,,,,,,,,,,,5f8d8248de70e707b27f4896,2020-11-27_15h03.59.257,lexical_decision_task_MP_exp2,2020.2.5,Win32,60,m,1,0.50744,,,,,,,,0.50744,1,,,,,,137,WORD,"ID",16,finger,FINGER,m,,,,,,-0.025,-0.081481481,0,0,0,,0,125,125,76,1,
,,,,,,,,,,,,,,,,,,5f8d8248de70e707b27f4896,2020-11-27_15h03.59.257,lexical_decision_task_MP_exp2,2020.2.5,Win32,60,z,1,0.65372,,,,,,,,0.65372,1,,,,,,417,NW,"ID",16,earoud,EAROUD,z,,,,,,-0.025,-0.081481481,0,0,0,,0,126,126,356,1,
,,,,,,,,,,,,,,,,,,5f8d8248de70e707b27f4896,2020-11-27_15h03.59.257,lexical_decision_task_MP_exp2,2020.2.5,Win32,60,m,1,0.5739,,,,,,,,0.5739,1,,,,,,149,WORD,"ID",16,invade,INVADE,m,,,,,,-0.025,-0.081481481,0,0,0,,0,127,127,88,1,
,,,,,,,,,,,,,,,,,,5f8d8248de70e707b27f4896,2020-11-27_15h03.59.257,lexical_decision_task_MP_exp2,2020.2.5,Win32,60,m,1,0.56028,,,,,,,,0.56028,1,,,,,,237,WORD,UN,33,glance,POSTER,m,,,,,,-0.025,-0.081481481,0,0,0,,0,128,128,176,1,
,,,,,,,,,,,,,,,,,,5f8d8248de70e707b27f4896,2020-11-27_15h03.59.257,lexical_decision_task_MP_exp2,2020.2.5,Win32,60,m,1,0.56068,,,,,,,,0.56068,1,,,,,,227,WORD,UN,33,master,SELDOM,m,,,,,,-0.025,-0.081481481,0,0,0,,0,129,129,166,1,
,,,,,,,,,,,,,,,,,,5f8d8248de70e707b27f4896,2020-11-27_15h03.59.257,lexical_decision_task_MP_exp2,2020.2.5,Win32,60,z,1,0.65409,,,,,,,,0.65409,1,,,,,,267,NW,UN,16,packes,PASINK,z,,,,,,-0.025,-0.081481481,0,0,0,,0,130,130,446,1,
,,,,,,,,,,,,,,,,,,5f8d8248de70e707b27f4896,2020-11-27_15h03.59.257,lexical_decision_task_MP_exp2,2020.2.5,Win32,60,z,1,0.57387,,,,,,,,0.57387,1,,,,,,293,NW,UN,16,inhort,SWANCE,z,,,,,,-0.025,-0.081481481,0,0,0,,0,131,131,472,1,
,,,,,,,,,,,,,,,,,,5f8d8248de70e707b27f4896,2020-11-27_15h03.59.257,lexical_decision_task_MP_exp2,2020.2.5,Win32,60,m,1,0.640685,,,,,,,,0.640685,1,,,,,,236,WORD,UN,33,grumpy,PIRATE,m,,,,,,-0.025,-0.081481481,0,0,0,,0,132,132,175,1,
,,,,,,,,,,,,,,,,,,5f8d8248de70e707b27f4896,2020-11-27_15h03.59.257,lexical_decision_task_MP_exp2,2020.2.5,Win32,60,m,1,0.573635,,,,,,,,0.573635,1,,,,,,202,WORD,UN,33,phrase,FACTOR,m,,,,,,-0.025,-0.081481481,0,0,0,,0,133,133,141,1,
,,,,,,,,,,,,,,,,,,5f8d8248de70e707b27f4896,2020-11-27_15h03.59.257,lexical_decision_task_MP_exp2,2020.2.5,Win32,60,z,1,0.840755,,,,,,,,0.840755,1,,,,,,418,NW,"ID",16,suidle,SUIDLE,z,,,,,,-0.025,-0.081481481,0,0,0,,0,134,134,357,1,
,,,,,,,,,,,,,,,,,,5f8d8248de70e707b27f4896,2020-11-27_15h03.59.257,lexical_decision_task_MP_exp2,2020.2.5,Win32,60,m,1,0.721555,,,,,,,,0.721555,1,,,,,,12,WORD,UN,16,strive,ORANGE,m,,,,,,-0.025,-0.081481481,0,0,0,,0,135,135,191,1,
,,,,,,,,,,,,,,,,,,5f8d8248de70e707b27f4896,2020-11-27_15h03.59.257,lexical_decision_task_MP_exp2,2020.2.5,Win32,60,z,1,0.654285,,,,,,,,0.654285,1,,,,,,312,NW,"ID",33,nerawl,NERAWL,z,,,,,,-0.025,-0.081481481,0,0,0,,0,136,136,251,1,
,,,,,,,,,,,,,,,,,,5f8d8248de70e707b27f4896,2020-11-27_15h03.59.257,lexical_decision_task_MP_exp2,2020.2.5,Win32,60,z,1,0.667295,,,,,,,,0.667295,1,,,,,,255,NW,UN,16,inlors,APIGHT,z,,,,,,-0.025,-0.081481481,0,0,0,,0,137,137,434,1,
,,,,,,,,,,,,,,,,,,5f8d8248de70e707b27f4896,2020-11-27_15h03.59.257,lexical_decision_task_MP_exp2,2020.2.5,Win32,60,z,1,0.60069,,,,,,,,0.60069,1,,,,,,300,NW,UN,16,smenco,YARION,z,,,,,,-0.025,-0.081481481,0,0,0,,0,138,138,479,1,
,,,,,,,,,,,,,,,,,,5f8d8248de70e707b27f4896,2020-11-27_15h03.59.257,lexical_decision_task_MP_exp2,2020.2.5,Win32,60,m,1,0.600425,,,,,,,,0.600425,1,,,,,,144,WORD,"ID",16,sponge,SPONGE,m,,,,,,-0.025,-0.081481481,0,0,0,,0,139,139,83,1,
,,,,,,,,,,,,,,,,,,5f8d8248de70e707b27f4896,2020-11-27_15h03.59.257,lexical_decision_task_MP_exp2,2020.2.5,Win32,60,m,1,0.56042,,,,,,,,0.56042,1,,,,,,98,WORD,"ID",33,belong,BELONG,m,,,,,,-0.025,-0.081481481,0,0,0,,0,140,140,37,1,
,,,,,,,,,,,,,,,,,,5f8d8248de70e707b27f4896,2020-11-27_15h03.59.257,lexical_decision_task_MP_exp2,2020.2.5,Win32,60,m,1,0.680305,,,,,,,,0.680305,1,,,,,,166,WORD,"ID",16,starch,STARCH,m,,,,,,-0.025,-0.081481481,0,0,0,,0,141,141,105,1,
,,,,,,,,,,,,,,,,,,5f8d8248de70e707b27f4896,2020-11-27_15h03.59.257,lexical_decision_task_MP_exp2,2020.2.5,Win32,60,m,1,0.62734,,,,,,,,0.62734,1,,,,,,129,WORD,"ID",16,marvel,MARVEL,m,,,,,,-0.025,-0.081481481,0,0,0,,0,142,142,68,1,
,,,,,,,,,,,,,,,,,,5f8d8248de70e707b27f4896,2020-11-27_15h03.59.257,lexical_decision_task_MP_exp2,2020.2.5,Win32,60,z,1,0.57391,,,,,,,,0.57391,1,,,,,,258,NW,UN,16,soudal,POLUTH,z,,,,,,-0.025,-0.081481481,0,0,0,,0,143,143,437,1,
,,,,,,,,,,,,,,,,,,5f8d8248de70e707b27f4896,2020-11-27_15h03.59.257,lexical_decision_task_MP_exp2,2020.2.5,Win32,60,z,1,0.574025,,,,,,,,0.574025,1,,,,,,480,NW,UN,33,knisma,ROBULY,z,,,,,,-0.025,-0.081481481,0,0,0,,0,144,144,419,1,
,,,,,,,,,,,,,,,,,,5f8d8248de70e707b27f4896,2020-11-27_15h03.59.257,lexical_decision_task_MP_exp2,2020.2.5,Win32,60,z,1,0.58742,,,,,,,,0.58742,1,,,,,,262,NW,UN,16,dolica,QUILEW,z,,,,,,-0.025,-0.081481481,0,0,0,,0,145,145,441,1,
,,,,,,,,,,,,,,,,,,5f8d8248de70e707b27f4896,2020-11-27_15h03.59.257,lexical_decision_task_MP_exp2,2020.2.5,Win32,60,m,1,0.65405,,,,,,,,0.65405,1,,,,,,95,WORD,"ID",33,thread,THREAD,m,,,,,,-0.025,-0.081481481,0,0,0,,0,146,146,34,1,
,,,,,,,,,,,,,,,,,,5f8d8248de70e707b27f4896,2020-11-27_15h03.59.257,lexical_decision_task_MP_exp2,2020.2.5,Win32,60,m,1,0.547605,,,,,,,,0.547605,1,,,,,,51,WORD,UN,16,impose,HUNGRY,m,,,,,,-0.025,-0.081481481,0,0,0,,0,147,147,230,1,
,,,,,,,,,,,,,,,,,,5f8d8248de70e707b27f4896,2020-11-27_15h03.59.257,lexical_decision_task_MP_exp2,2020.2.5,Win32,60,z,1,0.72031,,,,,,,,0.72031,1,,,,,,277,NW,UN,16,unighs,PETAIN,z,,,,,,-0.025,-0.081481481,0,0,0,,0,148,148,456,1,
,,,,,,,,,,,,,,,,,,5f8d8248de70e707b27f4896,2020-11-27_15h03.59.257,lexical_decision_task_MP_exp2,2020.2.5,Win32,60,m,1,1.53428,,,,,,,,1.53428,1,,,,,,41,WORD,UN,16,chapel,SPRING,m,,,,,,-0.025,-0.081481481,0,0,0,,0,149,149,220,1,
,,,,,,,,,,,,,,,,,,5f8d8248de70e707b27f4896,2020-11-27_15h03.59.257,lexical_decision_task_MP_exp2,2020.2.5,Win32,60,z,1,0.840795,,,,,,,,0.840795,1,,,,,,431,NW,UN,33,lunker,CHRUMS,z,,,,,,-0.025,-0.081481481,0,0,0,,0,150,150,370,1,
,,,,,,,,,,,,,,,,,,5f8d8248de70e707b27f4896,2020-11-27_15h03.59.257,lexical_decision_task_MP_exp2,2020.2.5,Win32,60,z,1,0.921005,,,,,,,,0.921005,1,,,,,,405,NW,"ID",16,flumni,FLUMNI,z,,,,,,-0.025,-0.081481481,0,0,0,,0,151,151,344,1,
,,,,,,,,,,,,,,,,,,5f8d8248de70e707b27f4896,2020-11-27_15h03.59.257,lexical_decision_task_MP_exp2,2020.2.5,Win32,60,m,1,0.640965,,,,,,,,0.640965,1,,,,,,124,WORD,"ID",16,blouse,BLOUSE,m,,,,,,-0.025,-0.081481481,0,0,0,,0,152,152,63,1,
,,,,,,,,,,,,,,,,,,5f8d8248de70e707b27f4896,2020-11-27_15h03.59.257,lexical_decision_task_MP_exp2,2020.2.5,Win32,60,m,1,0.600345,,,,,,,,0.600345,1,,,,,,231,WORD,UN,33,inject,EXPORT,m,,,,,,-0.025,-0.081481481,0,0,0,,0,153,153,170,1,
,,,,,,,,,,,,,,,,,,5f8d8248de70e707b27f4896,2020-11-27_15h03.59.257,lexical_decision_task_MP_exp2,2020.2.5,Win32,60,z,1,0.58761,,,,,,,,0.58761,1,,,,,,467,NW,UN,33,wictor,GORBIE,z,,,,,,-0.025,-0.081481481,0,0,0,,0,154,154,406,1,
,,,,,,,,,,,,,,,,,,5f8d8248de70e707b27f4896,2020-11-27_15h03.59.257,lexical_decision_task_MP_exp2,2020.2.5,Win32,60,m,1,0.5742,,,,,,,,0.5742,1,,,,,,214,WORD,UN,33,phobia,INTAKE,m,,,,,,-0.025,-0.081481481,0,0,0,,0,155,155,153,1,
,,,,,,,,,,,,,,,,,,5f8d8248de70e707b27f4896,2020-11-27_15h03.59.257,lexical_decision_task_MP_exp2,2020.2.5,Win32,60,z,1,0.587055,,,,,,,,0.587055,1,,,,,,302,NW,"ID",33,miluer,MILUER,z,,,,,,-0.025,-0.081481481,0,0,0,,0,156,156,241,1,
,,,,,,,,,,,,,,,,,,5f8d8248de70e707b27f4896,2020-11-27_15h03.59.257,lexical_decision_task_MP_exp2,2020.2.5,Win32,60,z,1,0.694265,,,,,,,,0.694265,1,,,,,,365,NW,"ID",16,guairt,GUAIRT,z,,,,,,-0.025,-0.081481481,0,0,0,,0,157,157,304,1,
,,,,,,,,,,,,,,,,,,5f8d8248de70e707b27f4896,2020-11-27_15h03.59.257,lexical_decision_task_MP_exp2,2020.2.5,Win32,60,z,1,0.68066,,,,,,,,0.68066,1,,,,,,369,NW,"ID",16,wronch,WRONCH,z,,,,,,-0.025,-0.081481481,0,0,0,,0,158,158,308,1,
,,,,,,,,,,,,,,,,,,5f8d8248de70e707b27f4896,2020-11-27_15h03.59.257,lexical_decision_task_MP_exp2,2020.2.5,Win32,60,m,1,0.65383,,,,,,,,0.65383,1,,,,,,14,WORD,UN,16,orange,ALMOST,m,,,,,,-0.025,-0.081481481,0,0,0,,0,159,159,193,1,
,,,,,,,,,,,,,,,,,,5f8d8248de70e707b27f4896,2020-11-27_15h03.59.257,lexical_decision_task_MP_exp2,2020.2.5,Win32,60,z,1,1.37453,,,,,,,,1.37453,1,,,,,,476,NW,UN,33,photie,JOSTED,z,,,,,,-0.025,-0.081481481,0,0,0,,0,160,160,415,1,
,,,,,,,,,,,,,,,,,,5f8d8248de70e707b27f4896,2020-11-27_15h03.59.257,lexical_decision_task_MP_exp2,2020.2.5,Win32,60,m,1,0.654145,,,,,,,,0.654145,1,,,,,,215,WORD,UN,33,lumber,PHOBIA,m,,,,,,-0.025,-0.081481481,0,0,0,,0,161,161,154,1,
,,,,,,,,,,,,,,,,,,5f8d8248de70e707b27f4896,2020-11-27_15h03.59.257,lexical_decision_task_MP_exp2,2020.2.5,Win32,60,m,1,0.614415,,,,,,,,0.614415,1,,,,,,99,WORD,"ID",33,fluent,FLUENT,m,,,,,,-0.025,-0.081481481,0,0,0,,0,162,162,38,1,
,,,,,,,,,,,,,,,,,,5f8d8248de70e707b27f4896,2020-11-27_15h03.59.257,lexical_decision_task_MP_exp2,2020.2.5,Win32,60,z,1,0.6274,,,,,,,,0.6274,1,,,,,,298,NW,UN,16,sturch,PIERGY,z,,,,,,-0.025,-0.081481481,0,0,0,,0,163,163,477,1,
,,,,,,,,,,,,,,,,,,5f8d8248de70e707b27f4896,2020-11-27_15h03.59.257,lexical_decision_task_MP_exp2,2020.2.5,Win32,60,m,1,0.667165,,,,,,,,0.667165,1,,,,,,115,WORD,"ID",33,guitar,GUITAR,m,,,,,,-0.025,-0.081481481,0,0,0,,0,164,164,54,1,
,,,,,,,,,,,,,,,,,,5f8d8248de70e707b27f4896,2020-11-27_15h03.59.257,lexical_decision_task_MP_exp2,2020.2.5,Win32,60,m,1,0.61395,,,,,,,,0.61395,1,,,,,,232,WORD,UN,33,nature,INJECT,m,,,,,,-0.025,-0.081481481,0,0,0,,0,165,165,171,1,
,,,,,,,,,,,,,,,,,,5f8d8248de70e707b27f4896,2020-11-27_15h03.59.257,lexical_decision_task_MP_exp2,2020.2.5,Win32,60,z,1,0.640675,,,,,,,,0.640675,1,,,,,,396,NW,"ID",16,flengy,FLENGY,z,,,,,,-0.025,-0.081481481,0,0,0,,0,166,166,335,1,
,,,,,,,,,,,,,,,,,,5f8d8248de70e707b27f4896,2020-11-27_15h03.59.257,lexical_decision_task_MP_exp2,2020.2.5,Win32,60,m,1,0.53414,,,,,,,,0.53414,1,,,,,,117,WORD,"ID",33,branch,BRANCH,m,,,,,,-0.025,-0.081481481,0,0,0,,0,167,167,56,1,
,,,,,,,,,,,,,,,,,,5f8d8248de70e707b27f4896,2020-11-27_15h03.59.257,lexical_decision_task_MP_exp2,2020.2.5,Win32,60,m,1,0.62755,,,,,,,,0.62755,1,,,,,,188,WORD,UN,33,censor,SOCIAL,m,,,,,,-0.025,-0.081481481,0,0,0,,0,168,168,127,1,
,,,,,,,,,,,,,,,,,,5f8d8248de70e707b27f4896,2020-11-27_15h03.59.257,lexical_decision_task_MP_exp2,2020.2.5,Win32,60,m,1,0.653665,,,,,,,,0.653665,1,,,,,,116,WORD,"ID",33,tumble,TUMBLE,m,,,,,,-0.025,-0.081481481,0,0,0,,0,169,169,55,1,
,,,,,,,,,,,,,,,,,,5f8d8248de70e707b27f4896,2020-11-27_15h03.59.257,lexical_decision_task_MP_exp2,2020.2.5,Win32,60,m,1,0.614225,,,,,,,,0.614225,1,,,,,,173,WORD,"ID",16,shower,SHOWER,m,,,,,,-0.025,-0.081481481,0,0,0,,0,170,170,112,1,
,,,,,,,,,,,,,,,,,,5f8d8248de70e707b27f4896,2020-11-27_15h03.59.257,lexical_decision_task_MP_exp2,2020.2.5,Win32,60,m,1,0.614725,,,,,,,,0.614725,1,,,,,,7,WORD,UN,16,abrupt,ANCHOR,m,,,,,,-0.025,-0.081481481,0,0,0,,0,171,171,186,1,
,,,,,,,,,,,,,,,,,,5f8d8248de70e707b27f4896,2020-11-27_15h03.59.257,lexical_decision_task_MP_exp2,2020.2.5,Win32,60,m,1,0.76162,,,,,,,,0.76162,1,,,,,,61,WORD,"ID",33,ponder,PONDER,m,,,,,,-0.025,-0.081481481,0,0,0,,0,172,172,0,1,
,,,,,,,,,,,,,,,,,,5f8d8248de70e707b27f4896,2020-11-27_15h03.59.257,lexical_decision_task_MP_exp2,2020.2.5,Win32,60,z,1,0.80054,,,,,,,,0.80054,1,,,,,,323,NW,"ID",33,rosail,ROSAIL,z,,,,,,-0.025,-0.081481481,0,0,0,,0,173,173,262,1,
,,,,,,,,,,,,,,,,,,5f8d8248de70e707b27f4896,2020-11-27_15h03.59.257,lexical_decision_task_MP_exp2,2020.2.5,Win32,60,z,1,0.76033,,,,,,,,0.76033,1,,,,,,308,NW,"ID",33,psetch,PSETCH,z,,,,,,-0.025,-0.081481481,0,0,0,,0,174,174,247,1,
,,,,,,,,,,,,,,,,,,5f8d8248de70e707b27f4896,2020-11-27_15h03.59.257,lexical_decision_task_MP_exp2,2020.2.5,Win32,60,m,1,0.654005,,,,,,,,0.654005,1,,,,,,168,WORD,"ID",16,answer,ANSWER,m,,,,,,-0.025,-0.081481481,0,0,0,,0,175,175,107,1,
,,,,,,,,,,,,,,,,,,5f8d8248de70e707b27f4896,2020-11-27_15h03.59.257,lexical_decision_task_MP_exp2,2020.2.5,Win32,60,m,1,0.640575,,,,,,,,0.640575,1,,,,,,85,WORD,"ID",33,sprawl,SPRAWL,m,,,,,,-0.025,-0.081481481,0,0,0,,0,176,176,24,1,
,,,,,,,,,,,,,,,,,,5f8d8248de70e707b27f4896,2020-11-27_15h03.59.257,lexical_decision_task_MP_exp2,2020.2.5,Win32,60,m,1,0.62721,,,,,,,,0.62721,1,,,,,,125,WORD,"ID",16,nickel,NICKEL,m,,,,,,-0.025,-0.081481481,0,0,0,,0,177,177,64,1,
,,,,,,,,,,,,,,,,,,5f8d8248de70e707b27f4896,2020-11-27_15h03.59.257,lexical_decision_task_MP_exp2,2020.2.5,Win32,60,m,1,0.9339,,,,,,,,0.9339,1,,,,,,161,WORD,"ID",16,pastor,PASTOR,m,,,,,,-0.025,-0.081481481,0,0,0,,0,178,178,100,1,
,,,,,,,,,,,,,,,,,,5f8d8248de70e707b27f4896,2020-11-27_15h03.59.257,lexical_decision_task_MP_exp2,2020.2.5,Win32,60,m,1,0.813825,,,,,,,,0.813825,1,,,,,,234,WORD,UN,33,poster,CLUMSY,m,,,,,,-0.025,-0.081481481,0,0,0,,0,179,179,173,1,
,,,,,,,,,,,,,,,,,,5f8d8248de70e707b27f4896,2020-11-27_15h03.59.257,lexical_decision_task_MP_exp2,2020.2.5,Win32,60,z,1,0.827245,,,,,,,,0.827245,1,,,,,,427,NW,UN,33,tandly,SCHIND,z,,,,,,-0.025,-0.081481481,0,0,0,,0,180,180,366,1,
,,,,,,,,,,,,,,,,,,5f8d8248de70e707b27f4896,2020-11-27_15h03.59.257,lexical_decision_task_MP_exp2,2020.2.5,Win32,60,z,1,0.78833,,,,,,,,0.78833,1,,,,,,325,NW,"ID",33,thruse,THRUSE,z,,,,,,-0.025,-0.081481481,0,0,0,,0,181,181,264,1,
,,,,,,,,,,,,,,,,,,5f8d8248de70e707b27f4896,2020-11-27_15h03.59.257,lexical_decision_task_MP_exp2,2020.2.5,Win32,60,z,1,0.92174,,,,,,,,0.92174,1,,,,,,389,NW,"ID",16,witmer,WITMER,z,,,,,,-0.025,-0.081481481,0,0,0,,0,182,182,328,1,
,,,,,,,,,,,,,,,,,,5f8d8248de70e707b27f4896,2020-11-27_15h03.59.257,lexical_decision_task_MP_exp2,2020.2.5,Win32,60,m,1,0.747175,,,,,,,,0.747175,1,,,,,,174,WORD,"ID",16,turkey,TURKEY,m,,,,,,-0.025,-0.081481481,0,0,0,,0,183,183,113,1,
,,,,,,,,,,,,,,,,,,5f8d8248de70e707b27f4896,2020-11-27_15h03.59.257,lexical_decision_task_MP_exp2,2020.2.5,Win32,60,m,1,0.573765,,,,,,,,0.573765,1,,,,,,31,WORD,UN,16,buckle,WEAPON,m,,,,,,-0.025,-0.081481481,0,0,0,,0,184,184,210,1,
,,,,,,,,,,,,,,,,,,5f8d8248de70e707b27f4896,2020-11-27_15h03.59.257,lexical_decision_task_MP_exp2,2020.2.5,Win32,60,z,1,0.626975,,,,,,,,0.626975,1,,,,,,286,NW,UN,16,nymbel,RELDON,z,,,,,,-0.025,-0.081481481,0,0,0,,0,185,185,465,1,
,,,,,,,,,,,,,,,,,,5f8d8248de70e707b27f4896,2020-11-27_15h03.59.257,lexical_decision_task_MP_exp2,2020.2.5,Win32,60,z,1,0.92066,,,,,,,,0.92066,1,,,,,,402,NW,"ID",16,syntic,SYNTIC,z,,,,,,-0.025,-0.081481481,0,0,0,,0,186,186,341,1,
,,,,,,,,,,,,,,,,,,5f8d8248de70e707b27f4896,2020-11-27_15h03.59.257,lexical_decision_task_MP_exp2,2020.2.5,Win32,60,m,1,0.600665,,,,,,,,0.600665,1,,,,,,81,WORD,"ID",33,friend,FRIEND,m,,,,,,-0.025,-0.081481481,0,0,0,,0,187,187,20,1,
,,,,,,,,,,,,,,,,,,5f8d8248de70e707b27f4896,2020-11-27_15h03.59.257,lexical_decision_task_MP_exp2,2020.2.5,Win32,60,z,1,0.57374,,,,,,,,0.57374,1,,,,,,371,NW,"ID",16,geiloy,GEILOY,z,,,,,,-0.025,-0.081481481,0,0,0,,0,188,188,310,1,
,,,,,,,,,,,,,,,,,,5f8d8248de70e707b27f4896,2020-11-27_15h03.59.257,lexical_decision_task_MP_exp2,2020.2.5,Win32,60,z,1,0.668,,,,,,,,0.668,1,,,,,,333,NW,"ID",33,catrie,CATRIE,z,,,,,,-0.025,-0.081481481,0,0,0,,0,189,189,272,1,
,,,,,,,,,,,,,,,,,,5f8d8248de70e707b27f4896,2020-11-27_15h03.59.257,lexical_decision_task_MP_exp2,2020.2.5,Win32,60,m,1,0.74739,,,,,,,,0.74739,1,,,,,,212,WORD,UN,33,squeal,VERIFY,m,,,,,,-0.025,-0.081481481,0,0,0,,0,190,190,151,1,
,,,,,,,,,,,,,,,,,,5f8d8248de70e707b27f4896,2020-11-27_15h03.59.257,lexical_decision_task_MP_exp2,2020.2.5,Win32,60,z,1,0.693795,,,,,,,,0.693795,1,,,,,,429,NW,UN,33,caroey,FUNTLE,z,,,,,,-0.025,-0.081481481,0,0,0,,0,191,191,368,1,
,,,,,,,,,,,,,,,,,,5f8d8248de70e707b27f4896,2020-11-27_15h03.59.257,lexical_decision_task_MP_exp2,2020.2.5,Win32,60,z,1,0.65392,,,,,,,,0.65392,1,,,,,,472,NW,UN,33,gorbie,CIGNEY,z,,,,,,-0.025,-0.081481481,0,0,0,,0,192,192,411,1,
,,,,,,,,,,,,,,,,,,5f8d8248de70e707b27f4896,2020-11-27_15h03.59.257,lexical_decision_task_MP_exp2,2020.2.5,Win32,60,z,1,0.707225,,,,,,,,0.707225,1,,,,,,311,NW,"ID",33,sproly,SPROLY,z,,,,,,-0.025,-0.081481481,0,0,0,,0,193,193,250,1,
,,,,,,,,,,,,,,,,,,5f8d8248de70e707b27f4896,2020-11-27_15h03.59.257,lexical_decision_task_MP_exp2,2020.2.5,Win32,60,z,1,0.72023,,,,,,,,0.72023,1,,,,,,273,NW,UN,16,fumblo,SORTEL,z,,,,,,-0.025,-0.081481481,0,0,0,,0,194,194,452,1,
,,,,,,,,,,,,,,,,,,5f8d8248de70e707b27f4896,2020-11-27_15h03.59.257,lexical_decision_task_MP_exp2,2020.2.5,Win32,60,m,1,0.62729,,,,,,,,0.62729,1,,,,,,158,WORD,"ID",16,island,ISLAND,m,,,,,,-0.025,-0.081481481,0,0,0,,0,195,195,97,1,
,,,,,,,,,,,,,,,,,,5f8d8248de70e707b27f4896,2020-11-27_15h03.59.257,lexical_decision_task_MP_exp2,2020.2.5,Win32,60,m,1,0.53386,,,,,,,,0.53386,1,,,,,,106,WORD,"ID",33,ransom,RANSOM,m,,,,,,-0.025,-0.081481481,0,0,0,,0,196,196,45,1,
,,,,,,,,,,,,,,,,,,5f8d8248de70e707b27f4896,2020-11-27_15h03.59.257,lexical_decision_task_MP_exp2,2020.2.5,Win32,60,m,1,0.587055,,,,,,,,0.587055,1,,,,,,68,WORD,"ID",33,fumble,FUMBLE,m,,,,,,-0.025,-0.081481481,0,0,0,,0,197,197,7,1,
,,,,,,,,,,,,,,,,,,5f8d8248de70e707b27f4896,2020-11-27_15h03.59.257,lexical_decision_task_MP_exp2,2020.2.5,Win32,60,m,1,0.640625,,,,,,,,0.640625,1,,,,,,229,WORD,UN,33,fringe,MOTHER,m,,,,,,-0.025,-0.081481481,0,0,0,,0,198,198,168,1,
,,,,,,,,,,,,,,,,,,5f8d8248de70e707b27f4896,2020-11-27_15h03.59.257,lexical_decision_task_MP_exp2,2020.2.5,Win32,60,z,1,0.627245,,,,,,,,0.627245,1,,,,,,451,NW,UN,33,surden,CAINKY,z,,,,,,-0.025,-0.081481481,0,0,0,,0,199,199,390,1,
,,,,,,,,,,,,,,,,,,5f8d8248de70e707b27f4896,2020-11-27_15h03.59.257,lexical_decision_task_MP_exp2,2020.2.5,Win32,60,m,1,0.64047,,,,,,,,0.64047,1,,,,,,82,WORD,"ID",33,stigma,STIGMA,m,,,,,,-0.025,-0.081481481,0,0,0,,0,200,200,21,1,
,,,,,,,,,,,,,,,,,,5f8d8248de70e707b27f4896,2020-11-27_15h03.59.257,lexical_decision_task_MP_exp2,2020.2.5,Win32,60,m,1,1.094105,,,,,,,,1.094105,1,,,,,,93,WORD,"ID",33,public,PUBLIC,m,,,,,,-0.025,-0.081481481,0,0,0,,0,201,201,32,1,
,,,,,,,,,,,,,,,,,,5f8d8248de70e707b27f4896,2020-11-27_15h03.59.257,lexical_decision_task_MP_exp2,2020.2.5,Win32,60,z,1,0.734745,,,,,,,,0.734745,1,,,,,,378,NW,"ID",16,shrile,SHRILE,z,,,,,,-0.025,-0.081481481,0,0,0,,0,202,202,317,1,
,,,,,,,,,,,,,,,,,,5f8d8248de70e707b27f4896,2020-11-27_15h03.59.257,lexical_decision_task_MP_exp2,2020.2.5,Win32,60,z,1,0.680695,,,,,,,,0.680695,1,,,,,,478,NW,UN,33,pebric,ACRISE,z,,,,,,-0.025,-0.081481481,0,0,0,,0,203,203,417,1,
,,,,,,,,,,,,,,,,,,5f8d8248de70e707b27f4896,2020-11-27_15h03.59.257,lexical_decision_task_MP_exp2,2020.2.5,Win32,60,m,1,0.600635,,,,,,,,0.600635,1,,,,,,152,WORD,"ID",16,rocket,ROCKET,m,,,,,,-0.025,-0.081481481,0,0,0,,0,204,204,91,1,
,,,,,,,,,,,,,,,,,,5f8d8248de70e707b27f4896,2020-11-27_15h03.59.257,lexical_decision_task_MP_exp2,2020.2.5,Win32,60,z,1,0.58717,,,,,,,,0.58717,1,,,,,,460,NW,UN,33,justre,MINGAR,z,,,,,,-0.025,-0.081481481,0,0,0,,0,205,205,399,1,
,,,,,,,,,,,,,,,,,,5f8d8248de70e707b27f4896,2020-11-27_15h03.59.257,lexical_decision_task_MP_exp2,2020.2.5,Win32,60,m,1,0.61401,,,,,,,,0.61401,1,,,,,,50,WORD,UN,16,hungry,SNATCH,m,,,,,,-0.025,-0.081481481,0,0,0,,0,206,206,229,1,
,,,,,,,,,,,,,,,,,,5f8d8248de70e707b27f4896,2020-11-27_15h03.59.257,lexical_decision_task_MP_exp2,2020.2.5,Win32,60,m,0,0.70752,,,,,,,,0.70752,0,,,,,,433,NW,UN,33,pitrom,DRANCE,z,,,,,,-0.025,-0.081481481,0,0,0,,0,207,207,372,1,
,,,,,,,,,,,,,,,,,,5f8d8248de70e707b27f4896,2020-11-27_15h03.59.257,lexical_decision_task_MP_exp2,2020.2.5,Win32,60,m,1,0.66797,,,,,,,,0.66797,1,,,,,,6,WORD,UN,16,anchor,BUNDLE,m,,,,,,-0.025,-0.081481481,0,0,0,,0,208,208,185,1,
,,,,,,,,,,,,,,,,,,5f8d8248de70e707b27f4896,2020-11-27_15h03.59.257,lexical_decision_task_MP_exp2,2020.2.5,Win32,60,m,1,0.760965,,,,,,,,0.760965,1,,,,,,189,WORD,UN,33,backup,CENSOR,m,,,,,,-0.025,-0.081481481,0,0,0,,0,209,209,128,1,
,,,,,,,,,,,,,,,,,,5f8d8248de70e707b27f4896,2020-11-27_15h03.59.257,lexical_decision_task_MP_exp2,2020.2.5,Win32,60,z,1,0.64063,,,,,,,,0.64063,1,,,,,,242,NW,UN,16,musied,UNWERT,z,,,,,,-0.025,-0.081481481,0,0,0,,0,210,210,421,1,
,,,,,,,,,,,,,,,,,,5f8d8248de70e707b27f4896,2020-11-27_15h03.59.257,lexical_decision_task_MP_exp2,2020.2.5,Win32,60,m,1,0.600825,,,,,,,,0.600825,1,,,,,,170,WORD,"ID",16,pounce,POUNCE,m,,,,,,-0.025,-0.081481481,0,0,0,,0,211,211,109,1,
,,,,,,,,,,,,,,,,,,5f8d8248de70e707b27f4896,2020-11-27_15h03.59.257,lexical_decision_task_MP_exp2,2020.2.5,Win32,60,z,1,0.76046,,,,,,,,0.76046,1,,,,,,291,NW,UN,16,ablint,PRETCH,z,,,,,,-0.025,-0.081481481,0,0,0,,0,212,212,470,1,
,,,,,,,,,,,,,,,,,,5f8d8248de70e707b27f4896,2020-11-27_15h03.59.257,lexical_decision_task_MP_exp2,2020.2.5,Win32,60,z,1,1.054195,,,,,,,,1.054195,1,,,,,,438,NW,UN,33,limpor,BAITCH,z,,,,,,-0.025,-0.081481481,0,0,0,,0,213,213,377,1,
,,,,,,,,,,,,,,,,,,5f8d8248de70e707b27f4896,2020-11-27_15h03.59.257,lexical_decision_task_MP_exp2,2020.2.5,Win32,60,z,1,1.107395,,,,,,,,1.107395,1,,,,,,303,NW,"ID",33,fiream,FIREAM,z,,,,,,-0.025,-0.081481481,0,0,0,,0,214,214,242,1,
,,,,,,,,,,,,,,,,,,5f8d8248de70e707b27f4896,2020-11-27_15h03.59.257,lexical_decision_task_MP_exp2,2020.2.5,Win32,60,m,1,0.907775,,,,,,,,0.907775,1,,,,,,15,WORD,UN,16,faucet,AMOUNT,m,,,,,,-0.025,-0.081481481,0,0,0,,0,215,215,194,1,
,,,,,,,,,,,,,,,,,,5f8d8248de70e707b27f4896,2020-11-27_15h03.59.257,lexical_decision_task_MP_exp2,2020.2.5,Win32,60,z,1,0.54745,,,,,,,,0.54745,1,,,,,,340,NW,"ID",33,fiatch,FIATCH,z,,,,,,-0.025,-0.081481481,0,0,0,,0,216,216,279,1,
,,,,,,,,,,,,,,,,,,5f8d8248de70e707b27f4896,2020-11-27_15h03.59.257,lexical_decision_task_MP_exp2,2020.2.5,Win32,60,m,1,0.64081,,,,,,,,0.64081,1,,,,,,19,WORD,UN,16,breast,PATRON,m,,,,,,-0.025,-0.081481481,0,0,0,,0,217,217,198,1,
,,,,,,,,,,,,,,,,,,5f8d8248de70e707b27f4896,2020-11-27_15h03.59.257,lexical_decision_task_MP_exp2,2020.2.5,Win32,60,z,1,0.600805,,,,,,,,0.600805,1,,,,,,435,NW,UN,33,frutan,IMPURB,z,,,,,,-0.025,-0.081481481,0,0,0,,0,218,218,374,1,
,,,,,,,,,,,,,,,,,,5f8d8248de70e707b27f4896,2020-11-27_15h03.59.257,lexical_decision_task_MP_exp2,2020.2.5,Win32,60,z,1,0.640605,,,,,,,,0.640605,1,,,,,,428,NW,UN,33,funtle,TANDLY,z,,,,,,-0.025,-0.081481481,0,0,0,,0,219,219,367,1,
,,,,,,,,,,,,,,,,,,5f8d8248de70e707b27f4896,2020-11-27_15h03.59.257,lexical_decision_task_MP_exp2,2020.2.5,Win32,60,m,1,0.600445,,,,,,,,0.600445,1,,,,,,154,WORD,"ID",16,author,AUTHOR,m,,,,,,-0.025,-0.081481481,0,0,0,,0,220,220,93,1,
,,,,,,,,,,,,,,,,,,5f8d8248de70e707b27f4896,2020-11-27_15h03.59.257,lexical_decision_task_MP_exp2,2020.2.5,Win32,60,z,1,0.57421,,,,,,,,0.57421,1,,,,,,390,NW,"ID",16,hatrus,HATRUS,z,,,,,,-0.025,-0.081481481,0,0,0,,0,221,221,329,1,
,,,,,,,,,,,,,,,,,,5f8d8248de70e707b27f4896,2020-11-27_15h03.59.257,lexical_decision_task_MP_exp2,2020.2.5,Win32,60,m,1,0.6006,,,,,,,,0.6006,1,,,,,,76,WORD,"ID",33,exotic,EXOTIC,m,,,,,,-0.025,-0.081481481,0,0,0,,0,222,222,15,1,
,,,,,,,,,,,,,,,,,,5f8d8248de70e707b27f4896,2020-11-27_15h03.59.257,lexical_decision_task_MP_exp2,2020.2.5,Win32,60,m,1,0.54719,,,,,,,,0.54719,1,,,,,,44,WORD,UN,16,clergy,DANGER,m,,,,,,-0.025,-0.081481481,0,0,0,,0,223,223,223,1,
,,,,,,,,,,,,,,,,,,5f8d8248de70e707b27f4896,2020-11-27_15h03.59.257,lexical_decision_task_MP_exp2,2020.2.5,Win32,60,m,1,0.681405,,,,,,,,0.681405,1,,,,,,177,WORD,"ID",16,advent,ADVENT,m,,,,,,-0.025,-0.081481481,0,0,0,,0,224,224,116,1,
,,,,,,,,,,,,,,,,,,5f8d8248de70e707b27f4896,2020-11-27_15h03.59.257,lexical_decision_task_MP_exp2,2020.2.5,Win32,60,z,0,0.62725,,,,,,,,0.62725,0,,,,,,16,WORD,UN,16,charge,FAUCET,m,,,,,,-0.025,-0.081481481,0,0,0,,0,225,225,195,1,
,,,,,,,,,,,,,,,,,,5f8d8248de70e707b27f4896,2020-11-27_15h03.59.257,lexical_decision_task_MP_exp2,2020.2.5,Win32,60,z,1,0.72075,,,,,,,,0.72075,1,,,,,,346,NW,"ID",33,saudic,SAUDIC,z,,,,,,-0.025,-0.081481481,0,0,0,,0,226,226,285,1,
,,,,,,,,,,,,,,,,,,5f8d8248de70e707b27f4896,2020-11-27_15h03.59.257,lexical_decision_task_MP_exp2,2020.2.5,Win32,60,z,1,0.66722,,,,,,,,0.66722,1,,,,,,448,NW,UN,33,brunge,SADENT,z,,,,,,-0.025,-0.081481481,0,0,0,,0,227,227,387,1,
,,,,,,,,,,,,,,,,,,5f8d8248de70e707b27f4896,2020-11-27_15h03.59.257,lexical_decision_task_MP_exp2,2020.2.5,Win32,60,z,1,0.628085,,,,,,,,0.628085,1,,,,,,353,NW,"ID",33,clurey,CLUREY,z,,,,,,-0.025,-0.081481481,0,0,0,,0,228,228,292,1,
,,,,,,,,,,,,,,,,,,5f8d8248de70e707b27f4896,2020-11-27_15h03.59.257,lexical_decision_task_MP_exp2,2020.2.5,Win32,60,m,1,0.60026,,,,,,,,0.60026,1,,,,,,143,WORD,"ID",16,reason,REASON,m,,,,,,-0.025,-0.081481481,0,0,0,,0,229,229,82,1,
,,,,,,,,,,,,,,,,,,5f8d8248de70e707b27f4896,2020-11-27_15h03.59.257,lexical_decision_task_MP_exp2,2020.2.5,Win32,60,z,1,0.74741,,,,,,,,0.74741,1,,,,,,361,NW,"ID",16,pauche,PAUCHE,z,,,,,,-0.025,-0.081481481,0,0,0,,0,230,230,300,1,
,,,,,,,,,,,,,,,,,,5f8d8248de70e707b27f4896,2020-11-27_15h03.59.257,lexical_decision_task_MP_exp2,2020.2.5,Win32,60,z,1,0.78725,,,,,,,,0.78725,1,,,,,,368,NW,"ID",16,hornal,HORNAL,z,,,,,,-0.025,-0.081481481,0,0,0,,0,231,231,307,1,
,,,,,,,,,,,,,,,,,,5f8d8248de70e707b27f4896,2020-11-27_15h03.59.257,lexical_decision_task_MP_exp2,2020.2.5,Win32,60,z,1,0.627515,,,,,,,,0.627515,1,,,,,,271,NW,UN,16,damilt,AUBRID,z,,,,,,-0.025,-0.081481481,0,0,0,,0,232,232,450,1,
,,,,,,,,,,,,,,,,,,5f8d8248de70e707b27f4896,2020-11-27_15h03.59.257,lexical_decision_task_MP_exp2,2020.2.5,Win32,60,m,1,0.627565,,,,,,,,0.627565,1,,,,,,205,WORD,UN,33,tailor,LOUNGE,m,,,,,,-0.025,-0.081481481,0,0,0,,0,233,233,144,1,
,,,,,,,,,,,,,,,,,,5f8d8248de70e707b27f4896,2020-11-27_15h03.59.257,lexical_decision_task_MP_exp2,2020.2.5,Win32,60,m,1,0.62724,,,,,,,,0.62724,1,,,,,,86,WORD,"ID",33,rodent,RODENT,m,,,,,,-0.025,-0.081481481,0,0,0,,0,234,234,25,1,
,,,,,,,,,,,,,,,,,,5f8d8248de70e707b27f4896,2020-11-27_15h03.59.257,lexical_decision_task_MP_exp2,2020.2.5,Win32,60,m,1,0.654075,,,,,,,,0.654075,1,,,,,,9,WORD,UN,16,bridge,HUSTLE,m,,,,,,-0.025,-0.081481481,0,0,0,,0,235,235,188,1,
,,,,,,,,,,,,,,,,,,5f8d8248de70e707b27f4896,2020-11-27_15h03.59.257,lexical_decision_task_MP_exp2,2020.2.5,Win32,60,m,1,0.62759,,,,,,,,0.62759,1,,,,,,67,WORD,"ID",33,policy,POLICY,m,,,,,,-0.025,-0.081481481,0,0,0,,0,236,236,6,1,
,,,,,,,,,,,,,,,,,,5f8d8248de70e707b27f4896,2020-11-27_15h03.59.257,lexical_decision_task_MP_exp2,2020.2.5,Win32,60,z,1,0.640535,,,,,,,,0.640535,1,,,,,,263,NW,UN,16,vackel,DOLICA,z,,,,,,-0.025,-0.081481481,0,0,0,,0,237,237,442,1,
,,,,,,,,,,,,,,,,,,5f8d8248de70e707b27f4896,2020-11-27_15h03.59.257,lexical_decision_task_MP_exp2,2020.2.5,Win32,60,m,1,0.60071,,,,,,,,0.60071,1,,,,,,46,WORD,UN,16,income,SINGLE,m,,,,,,-0.025,-0.081481481,0,0,0,,0,238,238,225,1,
,,,,,,,,,,,,,,,,,,5f8d8248de70e707b27f4896,2020-11-27_15h03.59.257,lexical_decision_task_MP_exp2,2020.2.5,Win32,60,z,1,0.680495,,,,,,,,0.680495,1,,,,,,469,NW,UN,33,crudio,PADIFS,z,,,,,,-0.025,-0.081481481,0,0,0,,0,239,239,408,1,
,,,,,,,,,,,,,,,,,,5f8d8248de70e707b27f4896,2020-11-27_15h03.59.257,lexical_decision_task_MP_exp2,2020.2.5,Win32,60,m,1,0.6543,,,,,,,,0.6543,1,,,,,,39,WORD,UN,16,convey,INSECT,m,,,,,,-0.025,-0.081481481,0,0,0,,0,240,240,218,1,
,,,,,,,,,,,,,,,,,,5f8d8248de70e707b27f4896,2020-11-27_15h03.59.257,lexical_decision_task_MP_exp2,2020.2.5,Win32,60,z,1,0.693975,,,,,,,,0.693975,1,,,,,,358,NW,"ID",33,fleack,FLEACK,z,,,,,,-0.025,-0.081481481,0,0,0,space,0,241,241,297,1,45.65722
,,,,,,,,,,,,,,,,,,5f8d8248de70e707b27f4896,2020-11-27_15h03.59.257,lexical_decision_task_MP_exp2,2020.2.5,Win32,60,,0,,,,,,,,,0.693975,-1,,,,,,334,NW,"ID",33,watmeg,WATMEG,z,,,,,,-0.025,-0.081481481,0,0,0,,0,242,242,273,1,
,,,,,,,,,,,,,,,,,,5f8d8248de70e707b27f4896,2020-11-27_15h03.59.257,lexical_decision_task_MP_exp2,2020.2.5,Win32,60,z,1,0.58741,,,,,,,,0.58741,1,,,,,,276,NW,UN,16,petain,YARMON,z,,,,,,-0.025,-0.081481481,0,0,0,,0,243,243,455,1,
,,,,,,,,,,,,,,,,,,5f8d8248de70e707b27f4896,2020-11-27_15h03.59.257,lexical_decision_task_MP_exp2,2020.2.5,Win32,60,m,1,0.60044,,,,,,,,0.60044,1,,,,,,8,WORD,UN,16,hustle,ABRUPT,m,,,,,,-0.025,-0.081481481,0,0,0,,0,244,244,187,1,
,,,,,,,,,,,,,,,,,,5f8d8248de70e707b27f4896,2020-11-27_15h03.59.257,lexical_decision_task_MP_exp2,2020.2.5,Win32,60,m,1,0.61494,,,,,,,,0.61494,1,,,,,,90,WORD,"ID",33,relish,RELISH,m,,,,,,-0.025,-0.081481481,0,0,0,,0,245,245,29,1,
,,,,,,,,,,,,,,,,,,5f8d8248de70e707b27f4896,2020-11-27_15h03.59.257,lexical_decision_task_MP_exp2,2020.2.5,Win32,60,z,1,0.787255,,,,,,,,0.787255,1,,,,,,426,NW,UN,33,schind,URIVEL,z,,,,,,-0.025,-0.081481481,0,0,0,,0,246,246,365,1,
,,,,,,,,,,,,,,,,,,5f8d8248de70e707b27f4896,2020-11-27_15h03.59.257,lexical_decision_task_MP_exp2,2020.2.5,Win32,60,m,1,0.480355,,,,,,,,0.480355,1,,,,,,167,WORD,"ID",16,design,DESIGN,m,,,,,,-0.025,-0.081481481,0,0,0,,0,247,247,106,1,
,,,,,,,,,,,,,,,,,,5f8d8248de70e707b27f4896,2020-11-27_15h03.59.257,lexical_decision_task_MP_exp2,2020.2.5,Win32,60,z,1,0.49423,,,,,,,,0.49423,1,,,,,,274,NW,UN,16,sleirt,FUMBLO,z,,,,,,-0.025,-0.081481481,0,0,0,,0,248,248,453,1,
,,,,,,,,,,,,,,,,,,5f8d8248de70e707b27f4896,2020-11-27_15h03.59.257,lexical_decision_task_MP_exp2,2020.2.5,Win32,60,m,1,0.64013,,,,,,,,0.64013,1,,,,,,136,WORD,"ID",16,bleach,BLEACH,m,,,,,,-0.025,-0.081481481,0,0,0,,0,249,249,75,1,
,,,,,,,,,,,,,,,,,,5f8d8248de70e707b27f4896,2020-11-27_15h03.59.257,lexical_decision_task_MP_exp2,2020.2.5,Win32,60,m,1,0.693925,,,,,,,,0.693925,1,,,,,,60,WORD,UN,16,fright,PENCIL,m,,,,,,-0.025,-0.081481481,0,0,0,,0,250,250,239,1,
,,,,,,,,,,,,,,,,,,5f8d8248de70e707b27f4896,2020-11-27_15h03.59.257,lexical_decision_task_MP_exp2,2020.2.5,Win32,60,z,1,0.960535,,,,,,,,0.960535,1,,,,,,380,NW,"ID",16,cavory,CAVORY,z,,,,,,-0.025,-0.081481481,0,0,0,,0,251,251,319,1,
,,,,,,,,,,,,,,,,,,5f8d8248de70e707b27f4896,2020-11-27_15h03.59.257,lexical_decision_task_MP_exp2,2020.2.5,Win32,60,z,1,0.613945,,,,,,,,0.613945,1,,,,,,372,NW,"ID",16,ramily,RAMILY,z,,,,,,-0.025,-0.081481481,0,0,0,,0,252,252,311,1,
,,,,,,,,,,,,,,,,,,5f8d8248de70e707b27f4896,2020-11-27_15h03.59.257,lexical_decision_task_MP_exp2,2020.2.5,Win32,60,m,1,0.560565,,,,,,,,0.560565,1,,,,,,122,WORD,"ID",16,linger,LINGER,m,,,,,,-0.025,-0.081481481,0,0,0,,0,253,253,61,1,
,,,,,,,,,,,,,,,,,,5f8d8248de70e707b27f4896,2020-11-27_15h03.59.257,lexical_decision_task_MP_exp2,2020.2.5,Win32,60,z,0,0.7881,,,,,,,,0.7881,0,,,,,,73,WORD,"ID",33,source,SOURCE,m,,,,,,-0.025,-0.081481481,0,0,0,,0,254,254,12,1,
,,,,,,,,,,,,,,,,,,5f8d8248de70e707b27f4896,2020-11-27_15h03.59.257,lexical_decision_task_MP_exp2,2020.2.5,Win32,60,m,1,1.414095,,,,,,,,1.414095,1,,,,,,222,WORD,UN,33,export,HINDER,m,,,,,,-0.025,-0.081481481,0,0,0,,0,255,255,161,1,
,,,,,,,,,,,,,,,,,,5f8d8248de70e707b27f4896,2020-11-27_15h03.59.257,lexical_decision_task_MP_exp2,2020.2.5,Win32,60,m,1,0.52086,,,,,,,,0.52086,1,,,,,,171,WORD,"ID",16,depart,DEPART,m,,,,,,-0.025,-0.081481481,0,0,0,,0,256,256,110,1,
,,,,,,,,,,,,,,,,,,5f8d8248de70e707b27f4896,2020-11-27_15h03.59.257,lexical_decision_task_MP_exp2,2020.2.5,Win32,60,z,1,0.64059,,,,,,,,0.64059,1,,,,,,407,NW,"ID",16,suiver,SUIVER,z,,,,,,-0.025,-0.081481481,0,0,0,,0,257,257,346,1,
,,,,,,,,,,,,,,,,,,5f8d8248de70e707b27f4896,2020-11-27_15h03.59.257,lexical_decision_task_MP_exp2,2020.2.5,Win32,60,z,1,0.57425,,,,,,,,0.57425,1,,,,,,410,NW,"ID",16,tunory,TUNORY,z,,,,,,-0.025,-0.081481481,0,0,0,,0,258,258,349,1,
,,,,,,,,,,,,,,,,,,5f8d8248de70e707b27f4896,2020-11-27_15h03.59.257,lexical_decision_task_MP_exp2,2020.2.5,Win32,60,m,1,0.734255,,,,,,,,0.734255,1,,,,,,208,WORD,UN,33,search,HOCKEY,m,,,,,,-0.025,-0.081481481,0,0,0,,0,259,259,147,1,
,,,,,,,,,,,,,,,,,,5f8d8248de70e707b27f4896,2020-11-27_15h03.59.257,lexical_decision_task_MP_exp2,2020.2.5,Win32,60,m,1,0.56074,,,,,,,,0.56074,1,,,,,,139,WORD,"ID",16,debris,DEBRIS,m,,,,,,-0.025,-0.081481481,0,0,0,,0,260,260,78,1,
,,,,,,,,,,,,,,,,,,5f8d8248de70e707b27f4896,2020-11-27_15h03.59.257,lexical_decision_task_MP_exp2,2020.2.5,Win32,60,m,0,0.56035,,,,,,,,0.56035,0,,,,,,345,NW,"ID",33,absend,ABSEND,z,,,,,,-0.025,-0.081481481,0,0,0,,0,261,261,284,1,
,,,,,,,,,,,,,,,,,,5f8d8248de70e707b27f4896,2020-11-27_15h03.59.257,lexical_decision_task_MP_exp2,2020.2.5,Win32,60,m,1,0.52095,,,,,,,,0.52095,1,,,,,,235,WORD,UN,33,pirate,GRUMPY,m,,,,,,-0.025,-0.081481481,0,0,0,,0,262,262,174,1,
,,,,,,,,,,,,,,,,,,5f8d8248de70e707b27f4896,2020-11-27_15h03.59.257,lexical_decision_task_MP_exp2,2020.2.5,Win32,60,z,1,0.58758,,,,,,,,0.58758,1,,,,,,252,NW,UN,16,resait,STAPOD,z,,,,,,-0.025,-0.081481481,0,0,0,,0,263,263,431,1,
,,,,,,,,,,,,,,,,,,5f8d8248de70e707b27f4896,2020-11-27_15h03.59.257,lexical_decision_task_MP_exp2,2020.2.5,Win32,60,z,1,0.627085,,,,,,,,0.627085,1,,,,,,320,NW,"ID",33,jockal,JOCKAL,z,,,,,,-0.025,-0.081481481,0,0,0,,0,264,264,259,1,
,,,,,,,,,,,,,,,,,,5f8d8248de70e707b27f4896,2020-11-27_15h03.59.257,lexical_decision_task_MP_exp2,2020.2.5,Win32,60,m,1,0.493725,,,,,,,,0.493725,1,,,,,,187,WORD,UN,33,social,COURSE,m,,,,,,-0.025,-0.081481481,0,0,0,,0,265,265,126,1,
,,,,,,,,,,,,,,,,,,5f8d8248de70e707b27f4896,2020-11-27_15h03.59.257,lexical_decision_task_MP_exp2,2020.2.5,Win32,60,m,1,0.680805,,,,,,,,0.680805,1,,,,,,66,WORD,"ID",33,gospel,GOSPEL,m,,,,,,-0.025,-0.081481481,0,0,0,,0,266,266,5,1,
,,,,,,,,,,,,,,,,,,5f8d8248de70e707b27f4896,2020-11-27_15h03.59.257,lexical_decision_task_MP_exp2,2020.2.5,Win32,60,z,1,0.6409,,,,,,,,0.6409,1,,,,,,283,NW,UN,16,shaple,VERALF,z,,,,,,-0.025,-0.081481481,0,0,0,,0,267,267,462,1,
,,,,,,,,,,,,,,,,,,5f8d8248de70e707b27f4896,2020-11-27_15h03.59.257,lexical_decision_task_MP_exp2,2020.2.5,Win32,60,z,1,0.734215,,,,,,,,0.734215,1,,,,,,306,NW,"ID",33,sounge,SOUNGE,z,,,,,,-0.025,-0.081481481,0,0,0,,0,268,268,245,1,
,,,,,,,,,,,,,,,,,,5f8d8248de70e707b27f4896,2020-11-27_15h03.59.257,lexical_decision_task_MP_exp2,2020.2.5,Win32,60,z,1,0.574115,,,,,,,,0.574115,1,,,,,,447,NW,UN,33,sadent,GIRCUE,z,,,,,,-0.025,-0.081481481,0,0,0,,0,269,269,386,1,
,,,,,,,,,,,,,,,,,,5f8d8248de70e707b27f4896,2020-11-27_15h03.59.257,lexical_decision_task_MP_exp2,2020.2.5,Win32,60,z,1,0.69379,,,,,,,,0.69379,1,,,,,,354,NW,"ID",33,virlex,VIRLEX,z,,,,,,-0.025,-0.081481481,0,0,0,,0,270,270,293,1,
,,,,,,,,,,,,,,,,,,5f8d8248de70e707b27f4896,2020-11-27_15h03.59.257,lexical_decision_task_MP_exp2,2020.2.5,Win32,60,z,1,0.94735,,,,,,,,0.94735,1,,,,,,364,NW,"ID",16,impote,IMPOTE,z,,,,,,-0.025,-0.081481481,0,0,0,,0,271,271,303,1,
,,,,,,,,,,,,,,,,,,5f8d8248de70e707b27f4896,2020-11-27_15h03.59.257,lexical_decision_task_MP_exp2,2020.2.5,Win32,60,m,1,0.574235,,,,,,,,0.574235,1,,,,,,118,WORD,"ID",33,flight,FLIGHT,m,,,,,,-0.025,-0.081481481,0,0,0,,0,272,272,57,1,
,,,,,,,,,,,,,,,,,,5f8d8248de70e707b27f4896,2020-11-27_15h03.59.257,lexical_decision_task_MP_exp2,2020.2.5,Win32,60,z,1,0.640425,,,,,,,,0.640425,1,,,,,,458,NW,UN,33,hocite,BARCET,z,,,,,,-0.025,-0.081481481,0,0,0,,0,273,273,397,1,
,,,,,,,,,,,,,,,,,,5f8d8248de70e707b27f4896,2020-11-27_15h03.59.257,lexical_decision_task_MP_exp2,2020.2.5,Win32,60,m,1,0.613995,,,,,,,,0.613995,1,,,,,,162,WORD,"ID",16,candle,CANDLE,m,,,,,,-0.025,-0.081481481,0,0,0,,0,274,274,101,1,
,,,,,,,,,,,,,,,,,,5f8d8248de70e707b27f4896,2020-11-27_15h03.59.257,lexical_decision_task_MP_exp2,2020.2.5,Win32,60,z,1,0.920965,,,,,,,,0.920965,1,,,,,,453,NW,UN,33,scouge,BOLVIS,z,,,,,,-0.025,-0.081481481,0,0,0,,0,275,275,392,1,
,,,,,,,,,,,,,,,,,,5f8d8248de70e707b27f4896,2020-11-27_15h03.59.257,lexical_decision_task_MP_exp2,2020.2.5,Win32,60,m,1,0.58754,,,,,,,,0.58754,1,,,,,,216,WORD,UN,33,liquor,BEHALF,m,,,,,,-0.025,-0.081481481,0,0,0,,0,276,276,155,1,
,,,,,,,,,,,,,,,,,,5f8d8248de70e707b27f4896,2020-11-27_15h03.59.257,lexical_decision_task_MP_exp2,2020.2.5,Win32,60,z,1,0.60075,,,,,,,,0.60075,1,,,,,,442,NW,UN,33,dorsex,ABOUNE,z,,,,,,-0.025,-0.081481481,0,0,0,,0,277,277,381,1,
,,,,,,,,,,,,,,,,,,5f8d8248de70e707b27f4896,2020-11-27_15h03.59.257,lexical_decision_task_MP_exp2,2020.2.5,Win32,60,z,0,0.56062,,,,,,,,0.56062,0,,,,,,74,WORD,"ID",33,plaque,PLAQUE,m,,,,,,-0.025,-0.081481481,0,0,0,,0,278,278,13,1,
,,,,,,,,,,,,,,,,,,5f8d8248de70e707b27f4896,2020-11-27_15h03.59.257,lexical_decision_task_MP_exp2,2020.2.5,Win32,60,z,1,0.66813,,,,,,,,0.66813,1,,,,,,359,NW,"ID",33,fonver,FONVER,z,,,,,,-0.025,-0.081481481,0,0,0,,0,279,279,298,1,
,,,,,,,,,,,,,,,,,,5f8d8248de70e707b27f4896,2020-11-27_15h03.59.257,lexical_decision_task_MP_exp2,2020.2.5,Win32,60,m,1,0.588065,,,,,,,,0.588065,1,,,,,,59,WORD,UN,16,pencil,SPLINT,m,,,,,,-0.025,-0.081481481,0,0,0,,0,280,280,238,1,
,,,,,,,,,,,,,,,,,,5f8d8248de70e707b27f4896,2020-11-27_15h03.59.257,lexical_decision_task_MP_exp2,2020.2.5,Win32,60,z,1,0.653795,,,,,,,,0.653795,1,,,,,,307,NW,"ID",33,kirafe,KIRAFE,z,,,,,,-0.025,-0.081481481,0,0,0,,0,281,281,246,1,
,,,,,,,,,,,,,,,,,,5f8d8248de70e707b27f4896,2020-11-27_15h03.59.257,lexical_decision_task_MP_exp2,2020.2.5,Win32,60,z,1,0.78733,,,,,,,,0.78733,1,,,,,,249,NW,UN,16,milted,BATROL,z,,,,,,-0.025,-0.081481481,0,0,0,,0,282,282,428,1,
,,,,,,,,,,,,,,,,,,5f8d8248de70e707b27f4896,2020-11-27_15h03.59.257,lexical_decision_task_MP_exp2,2020.2.5,Win32,60,m,1,0.66742,,,,,,,,0.66742,1,,,,,,23,WORD,UN,16,praise,WEALTH,m,,,,,,-0.025,-0.081481481,0,0,0,,0,283,283,202,1,
,,,,,,,,,,,,,,,,,,5f8d8248de70e707b27f4896,2020-11-27_15h03.59.257,lexical_decision_task_MP_exp2,2020.2.5,Win32,60,z,1,0.66733,,,,,,,,0.66733,1,,,,,,404,NW,"ID",16,cluirm,CLUIRM,z,,,,,,-0.025,-0.081481481,0,0,0,,0,284,284,343,1,
,,,,,,,,,,,,,,,,,,5f8d8248de70e707b27f4896,2020-11-27_15h03.59.257,lexical_decision_task_MP_exp2,2020.2.5,Win32,60,z,1,0.654115,,,,,,,,0.654115,1,,,,,,381,NW,"ID",16,huniek,HUNIEK,z,,,,,,-0.025,-0.081481481,0,0,0,,0,285,285,320,1,
,,,,,,,,,,,,,,,,,,5f8d8248de70e707b27f4896,2020-11-27_15h03.59.257,lexical_decision_task_MP_exp2,2020.2.5,Win32,60,m,1,0.62735,,,,,,,,0.62735,1,,,,,,218,WORD,UN,33,bucket,SHRINK,m,,,,,,-0.025,-0.081481481,0,0,0,,0,286,286,157,1,
,,,,,,,,,,,,,,,,,,5f8d8248de70e707b27f4896,2020-11-27_15h03.59.257,lexical_decision_task_MP_exp2,2020.2.5,Win32,60,z,1,0.880835,,,,,,,,0.880835,1,,,,,,316,NW,"ID",33,scregm,SCREGM,z,,,,,,-0.025,-0.081481481,0,0,0,,0,287,287,255,1,
,,,,,,,,,,,,,,,,,,5f8d8248de70e707b27f4896,2020-11-27_15h03.59.257,lexical_decision_task_MP_exp2,2020.2.5,Win32,60,z,1,0.827375,,,,,,,,0.827375,1,,,,,,379,NW,"ID",16,auting,AUTING,z,,,,,,-0.025,-0.081481481,0,0,0,,0,288,288,318,1,
,,,,,,,,,,,,,,,,,,5f8d8248de70e707b27f4896,2020-11-27_15h03.59.257,lexical_decision_task_MP_exp2,2020.2.5,Win32,60,z,1,0.680685,,,,,,,,0.680685,1,,,,,,393,NW,"ID",16,ganous,GANOUS,z,,,,,,-0.025,-0.081481481,0,0,0,,0,289,289,332,1,
,,,,,,,,,,,,,,,,,,5f8d8248de70e707b27f4896,2020-11-27_15h03.59.257,lexical_decision_task_MP_exp2,2020.2.5,Win32,60,z,1,0.84087,,,,,,,,0.84087,1,,,,,,357,NW,"ID",33,derain,DERAIN,z,,,,,,-0.025,-0.081481481,0,0,0,,0,290,290,296,1,
,,,,,,,,,,,,,,,,,,5f8d8248de70e707b27f4896,2020-11-27_15h03.59.257,lexical_decision_task_MP_exp2,2020.2.5,Win32,60,z,1,0.66757,,,,,,,,0.66757,1,,,,,,394,NW,"ID",16,spaqux,SPAQUX,z,,,,,,-0.025,-0.081481481,0,0,0,,0,291,291,333,1,
,,,,,,,,,,,,,,,,,,5f8d8248de70e707b27f4896,2020-11-27_15h03.59.257,lexical_decision_task_MP_exp2,2020.2.5,Win32,60,m,1,0.720535,,,,,,,,0.720535,1,,,,,,198,WORD,UN,33,invoke,WICKED,m,,,,,,-0.025,-0.081481481,0,0,0,,0,292,292,137,1,
,,,,,,,,,,,,,,,,,,5f8d8248de70e707b27f4896,2020-11-27_15h03.59.257,lexical_decision_task_MP_exp2,2020.2.5,Win32,60,m,1,0.627325,,,,,,,,0.627325,1,,,,,,110,WORD,"ID",33,polite,POLITE,m,,,,,,-0.025,-0.081481481,0,0,0,,0,293,293,49,1,
,,,,,,,,,,,,,,,,,,5f8d8248de70e707b27f4896,2020-11-27_15h03.59.257,lexical_decision_task_MP_exp2,2020.2.5,Win32,60,z,1,0.69431,,,,,,,,0.69431,1,,,,,,356,NW,"ID",33,othnis,OTHNIS,z,,,,,,-0.025,-0.081481481,0,0,0,,0,294,294,295,1,
,,,,,,,,,,,,,,,,,,5f8d8248de70e707b27f4896,2020-11-27_15h03.59.257,lexical_decision_task_MP_exp2,2020.2.5,Win32,60,m,1,0.72063,,,,,,,,0.72063,1,,,,,,169,WORD,"ID",16,genius,GENIUS,m,,,,,,-0.025,-0.081481481,0,0,0,,0,295,295,108,1,
,,,,,,,,,,,,,,,,,,5f8d8248de70e707b27f4896,2020-11-27_15h03.59.257,lexical_decision_task_MP_exp2,2020.2.5,Win32,60,z,1,0.654055,,,,,,,,0.654055,1,,,,,,265,NW,UN,16,varmit,DISTAR,z,,,,,,-0.025,-0.081481481,0,0,0,,0,296,296,444,1,
,,,,,,,,,,,,,,,,,,5f8d8248de70e707b27f4896,2020-11-27_15h03.59.257,lexical_decision_task_MP_exp2,2020.2.5,Win32,60,z,1,0.680395,,,,,,,,0.680395,1,,,,,,295,NW,UN,16,beinch,GLEATH,z,,,,,,-0.025,-0.081481481,0,0,0,,0,297,297,474,1,
,,,,,,,,,,,,,,,,,,5f8d8248de70e707b27f4896,2020-11-27_15h03.59.257,lexical_decision_task_MP_exp2,2020.2.5,Win32,60,m,1,0.560845,,,,,,,,0.560845,1,,,,,,78,WORD,"ID",33,column,COLUMN,m,,,,,,-0.025,-0.081481481,0,0,0,,0,298,298,17,1,
,,,,,,,,,,,,,,,,,,5f8d8248de70e707b27f4896,2020-11-27_15h03.59.257,lexical_decision_task_MP_exp2,2020.2.5,Win32,60,m,1,0.56053,,,,,,,,0.56053,1,,,,,,87,WORD,"ID",33,filter,FILTER,m,,,,,,-0.025,-0.081481481,0,0,0,,0,299,299,26,1,
,,,,,,,,,,,,,,,,,,5f8d8248de70e707b27f4896,2020-11-27_15h03.59.257,lexical_decision_task_MP_exp2,2020.2.5,Win32,60,m,1,0.61454,,,,,,,,0.61454,1,,,,,,58,WORD,UN,16,splint,FOSTER,m,,,,,,-0.025,-0.081481481,0,0,0,,0,300,300,237,1,
,,,,,,,,,,,,,,,,,,5f8d8248de70e707b27f4896,2020-11-27_15h03.59.257,lexical_decision_task_MP_exp2,2020.2.5,Win32,60,m,1,0.547615,,,,,,,,0.547615,1,,,,,,75,WORD,"ID",33,trophy,TROPHY,m,,,,,,-0.025,-0.081481481,0,0,0,,0,301,301,14,1,
,,,,,,,,,,,,,,,,,,5f8d8248de70e707b27f4896,2020-11-27_15h03.59.257,lexical_decision_task_MP_exp2,2020.2.5,Win32,60,m,1,0.64042,,,,,,,,0.64042,1,,,,,,10,WORD,UN,16,cruise,ETHNIC,m,,,,,,-0.025,-0.081481481,0,0,0,,0,302,302,189,1,
,,,,,,,,,,,,,,,,,,5f8d8248de70e707b27f4896,2020-11-27_15h03.59.257,lexical_decision_task_MP_exp2,2020.2.5,Win32,60,m,1,0.600595,,,,,,,,0.600595,1,,,,,,4,WORD,UN,16,plunge,TRENCH,m,,,,,,-0.025,-0.081481481,0,0,0,,0,303,303,183,1,
,,,,,,,,,,,,,,,,,,5f8d8248de70e707b27f4896,2020-11-27_15h03.59.257,lexical_decision_task_MP_exp2,2020.2.5,Win32,60,m,1,0.667565,,,,,,,,0.667565,1,,,,,,194,WORD,UN,33,resign,ABSENT,m,,,,,,-0.025,-0.081481481,0,0,0,,0,304,304,133,1,
,,,,,,,,,,,,,,,,,,5f8d8248de70e707b27f4896,2020-11-27_15h03.59.257,lexical_decision_task_MP_exp2,2020.2.5,Win32,60,z,0,0.65408,,,,,,,,0.65408,0,,,,,,100,WORD,"ID",33,carbon,CARBON,m,,,,,,-0.025,-0.081481481,0,0,0,,0,305,305,39,1,
,,,,,,,,,,,,,,,,,,5f8d8248de70e707b27f4896,2020-11-27_15h03.59.257,lexical_decision_task_MP_exp2,2020.2.5,Win32,60,m,1,0.800455,,,,,,,,0.800455,1,,,,,,70,WORD,"ID",33,square,SQUARE,m,,,,,,-0.025,-0.081481481,0,0,0,,0,306,306,9,1,
,,,,,,,,,,,,,,,,,,5f8d8248de70e707b27f4896,2020-11-27_15h03.59.257,lexical_decision_task_MP_exp2,2020.2.5,Win32,60,z,1,0.747215,,,,,,,,0.747215,1,,,,,,462,NW,UN,33,kispel,ABSULT,z,,,,,,-0.025,-0.081481481,0,0,0,,0,307,307,401,1,
,,,,,,,,,,,,,,,,,,5f8d8248de70e707b27f4896,2020-11-27_15h03.59.257,lexical_decision_task_MP_exp2,2020.2.5,Win32,60,m,1,0.56047,,,,,,,,0.56047,1,,,,,,20,WORD,UN,16,simple,BREAST,m,,,,,,-0.025,-0.081481481,0,0,0,,0,308,308,199,1,
,,,,,,,,,,,,,,,,,,5f8d8248de70e707b27f4896,2020-11-27_15h03.59.257,lexical_decision_task_MP_exp2,2020.2.5,Win32,60,m,1,0.70756,,,,,,,,0.70756,1,,,,,,22,WORD,UN,16,wealth,JOCKEY,m,,,,,,-0.025,-0.081481481,0,0,0,,0,309,309,201,1,
,,,,,,,,,,,,,,,,,,5f8d8248de70e707b27f4896,2020-11-27_15h03.59.257,lexical_decision_task_MP_exp2,2020.2.5,Win32,60,z,1,0.774125,,,,,,,,0.774125,1,,,,,,416,NW,"ID",16,pathel,PATHEL,z,,,,,,-0.025,-0.081481481,0,0,0,,0,310,310,355,1,
,,,,,,,,,,,,,,,,,,5f8d8248de70e707b27f4896,2020-11-27_15h03.59.257,lexical_decision_task_MP_exp2,2020.2.5,Win32,60,z,1,0.6541,,,,,,,,0.6541,1,,,,,,259,NW,UN,16,unject,SOUDAL,z,,,,,,-0.025,-0.081481481,0,0,0,,0,311,311,438,1,
,,,,,,,,,,,,,,,,,,5f8d8248de70e707b27f4896,2020-11-27_15h03.59.257,lexical_decision_task_MP_exp2,2020.2.5,Win32,60,z,1,0.880725,,,,,,,,0.880725,1,,,,,,318,NW,"ID",33,reagly,REAGLY,z,,,,,,-0.025,-0.081481481,0,0,0,,0,312,312,257,1,
,,,,,,,,,,,,,,,,,,5f8d8248de70e707b27f4896,2020-11-27_15h03.59.257,lexical_decision_task_MP_exp2,2020.2.5,Win32,60,m,1,0.58718,,,,,,,,0.58718,1,,,,,,148,WORD,"ID",16,custom,CUSTOM,m,,,,,,-0.025,-0.081481481,0,0,0,,0,313,313,87,1,
,,,,,,,,,,,,,,,,,,5f8d8248de70e707b27f4896,2020-11-27_15h03.59.257,lexical_decision_task_MP_exp2,2020.2.5,Win32,60,m,1,0.60024,,,,,,,,0.60024,1,,,,,,79,WORD,"ID",33,theory,THEORY,m,,,,,,-0.025,-0.081481481,0,0,0,,0,314,314,18,1,
,,,,,,,,,,,,,,,,,,5f8d8248de70e707b27f4896,2020-11-27_15h03.59.257,lexical_decision_task_MP_exp2,2020.2.5,Win32,60,z,1,0.600835,,,,,,,,0.600835,1,,,,,,370,NW,"ID",16,sleact,SLEACT,z,,,,,,-0.025,-0.081481481,0,0,0,,0,315,315,309,1,
,,,,,,,,,,,,,,,,,,5f8d8248de70e707b27f4896,2020-11-27_15h03.59.257,lexical_decision_task_MP_exp2,2020.2.5,Win32,60,m,1,0.52135,,,,,,,,0.52135,1,,,,,,123,WORD,"ID",16,strike,STRIKE,m,,,,,,-0.025,-0.081481481,0,0,0,,0,316,316,62,1,
,,,,,,,,,,,,,,,,,,5f8d8248de70e707b27f4896,2020-11-27_15h03.59.257,lexical_decision_task_MP_exp2,2020.2.5,Win32,60,m,1,0.600885,,,,,,,,0.600885,1,,,,,,38,WORD,UN,16,insect,POWDER,m,,,,,,-0.025,-0.081481481,0,0,0,,0,317,317,217,1,
,,,,,,,,,,,,,,,,,,5f8d8248de70e707b27f4896,2020-11-27_15h03.59.257,lexical_decision_task_MP_exp2,2020.2.5,Win32,60,m,1,0.574195,,,,,,,,0.574195,1,,,,,,65,WORD,"ID",33,symbol,SYMBOL,m,,,,,,-0.025,-0.081481481,0,0,0,,0,318,318,4,1,
,,,,,,,,,,,,,,,,,,5f8d8248de70e707b27f4896,2020-11-27_15h03.59.257,lexical_decision_task_MP_exp2,2020.2.5,Win32,60,z,1,0.654205,,,,,,,,0.654205,1,,,,,,352,NW,"ID",33,tringe,TRINGE,z,,,,,,-0.025,-0.081481481,0,0,0,,0,319,319,291,1,
,,,,,,,,,,,,,,,,,,5f8d8248de70e707b27f4896,2020-11-27_15h03.59.257,lexical_decision_task_MP_exp2,2020.2.5,Win32,60,m,1,0.521415,,,,,,,,0.521415,1,,,,,,27,WORD,UN,16,comedy,SCREAM,m,,,,,,-0.025,-0.081481481,0,0,0,,0,320,320,206,1,
,,,,,,,,,,,,,,,,,,5f8d8248de70e707b27f4896,2020-11-27_15h03.59.257,lexical_decision_task_MP_exp2,2020.2.5,Win32,60,m,1,0.560365,,,,,,,,0.560365,1,,,,,,92,WORD,"ID",33,strand,STRAND,m,,,,,,-0.025,-0.081481481,0,0,0,,0,321,321,31,1,
,,,,,,,,,,,,,,,,,,5f8d8248de70e707b27f4896,2020-11-27_15h03.59.257,lexical_decision_task_MP_exp2,2020.2.5,Win32,60,z,1,0.680505,,,,,,,,0.680505,1,,,,,,245,NW,UN,16,piaton,ANOUGS,z,,,,,,-0.025,-0.081481481,0,0,0,,0,322,322,424,1,
,,,,,,,,,,,,,,,,,,5f8d8248de70e707b27f4896,2020-11-27_15h03.59.257,lexical_decision_task_MP_exp2,2020.2.5,Win32,60,m,1,0.560365,,,,,,,,0.560365,1,,,,,,55,WORD,UN,16,ambush,STROKE,m,,,,,,-0.025,-0.081481481,0,0,0,,0,323,323,234,1,
,,,,,,,,,,,,,,,,,,5f8d8248de70e707b27f4896,2020-11-27_15h03.59.257,lexical_decision_task_MP_exp2,2020.2.5,Win32,60,z,1,0.587495,,,,,,,,0.587495,1,,,,,,374,NW,"ID",16,sliant,SLIANT,z,,,,,,-0.025,-0.081481481,0,0,0,,0,324,324,313,1,
,,,,,,,,,,,,,,,,,,5f8d8248de70e707b27f4896,2020-11-27_15h03.59.257,lexical_decision_task_MP_exp2,2020.2.5,Win32,60,m,1,0.560715,,,,,,,,0.560715,1,,,,,,182,WORD,UN,33,absent,WINTER,m,,,,,,-0.025,-0.081481481,0,0,0,,0,325,325,121,1,
,,,,,,,,,,,,,,,,,,5f8d8248de70e707b27f4896,2020-11-27_15h03.59.257,lexical_decision_task_MP_exp2,2020.2.5,Win32,60,z,1,0.613935,,,,,,,,0.613935,1,,,,,,264,NW,UN,16,distar,VACKEL,z,,,,,,-0.025,-0.081481481,0,0,0,,0,326,326,443,1,
,,,,,,,,,,,,,,,,,,5f8d8248de70e707b27f4896,2020-11-27_15h03.59.257,lexical_decision_task_MP_exp2,2020.2.5,Win32,60,z,1,0.65377,,,,,,,,0.65377,1,,,,,,350,NW,"ID",33,nagurs,NAGURS,z,,,,,,-0.025,-0.081481481,0,0,0,,0,327,327,289,1,
,,,,,,,,,,,,,,,,,,5f8d8248de70e707b27f4896,2020-11-27_15h03.59.257,lexical_decision_task_MP_exp2,2020.2.5,Win32,60,z,1,0.600715,,,,,,,,0.600715,1,,,,,,251,NW,UN,16,stapod,LUPICT,z,,,,,,-0.025,-0.081481481,0,0,0,,0,328,328,430,1,
,,,,,,,,,,,,,,,,,,5f8d8248de70e707b27f4896,2020-11-27_15h03.59.257,lexical_decision_task_MP_exp2,2020.2.5,Win32,60,z,1,0.560575,,,,,,,,0.560575,1,,,,,,275,NW,UN,16,yarmon,SLEIRT,z,,,,,,-0.025,-0.081481481,0,0,0,,0,329,329,454,1,
,,,,,,,,,,,,,,,,,,5f8d8248de70e707b27f4896,2020-11-27_15h03.59.257,lexical_decision_task_MP_exp2,2020.2.5,Win32,60,z,1,0.93431,,,,,,,,0.93431,1,,,,,,382,NW,"ID",16,sarley,SARLEY,z,,,,,,-0.025,-0.081481481,0,0,0,,0,330,330,321,1,
,,,,,,,,,,,,,,,,,,5f8d8248de70e707b27f4896,2020-11-27_15h03.59.257,lexical_decision_task_MP_exp2,2020.2.5,Win32,60,m,1,0.62719,,,,,,,,0.62719,1,,,,,,223,WORD,UN,33,period,KIDNEY,m,,,,,,-0.025,-0.081481481,0,0,0,,0,331,331,162,1,
,,,,,,,,,,,,,,,,,,5f8d8248de70e707b27f4896,2020-11-27_15h03.59.257,lexical_decision_task_MP_exp2,2020.2.5,Win32,60,z,1,0.56053,,,,,,,,0.56053,1,,,,,,385,NW,"ID",16,veigma,VEIGMA,z,,,,,,-0.025,-0.081481481,0,0,0,,0,332,332,324,1,
,,,,,,,,,,,,,,,,,,5f8d8248de70e707b27f4896,2020-11-27_15h03.59.257,lexical_decision_task_MP_exp2,2020.2.5,Win32,60,m,1,0.547315,,,,,,,,0.547315,1,,,,,,104,WORD,"ID",33,studio,STUDIO,m,,,,,,-0.025,-0.081481481,0,0,0,,0,333,333,43,1,
,,,,,,,,,,,,,,,,,,5f8d8248de70e707b27f4896,2020-11-27_15h03.59.257,lexical_decision_task_MP_exp2,2020.2.5,Win32,60,m,0,0.72051,,,,,,,,0.72051,0,,,,,,397,NW,"ID",16,camble,CAMBLE,z,,,,,,-0.025,-0.081481481,0,0,0,,0,334,334,336,1,
,,,,,,,,,,,,,,,,,,5f8d8248de70e707b27f4896,2020-11-27_15h03.59.257,lexical_decision_task_MP_exp2,2020.2.5,Win32,60,z,1,0.640515,,,,,,,,0.640515,1,,,,,,331,NW,"ID",33,gilfew,GILFEW,z,,,,,,-0.025,-0.081481481,0,0,0,,0,335,335,270,1,
,,,,,,,,,,,,,,,,,,5f8d8248de70e707b27f4896,2020-11-27_15h03.59.257,lexical_decision_task_MP_exp2,2020.2.5,Win32,60,z,1,0.627155,,,,,,,,0.627155,1,,,,,,284,NW,UN,16,prudge,SHAPLE,z,,,,,,-0.025,-0.081481481,0,0,0,,0,336,336,463,1,
,,,,,,,,,,,,,,,,,,5f8d8248de70e707b27f4896,2020-11-27_15h03.59.257,lexical_decision_task_MP_exp2,2020.2.5,Win32,60,z,1,0.533875,,,,,,,,0.533875,1,,,,,,309,NW,"ID",33,amiloy,AMILOY,z,,,,,,-0.025,-0.081481481,0,0,0,,0,337,337,248,1,
,,,,,,,,,,,,,,,,,,5f8d8248de70e707b27f4896,2020-11-27_15h03.59.257,lexical_decision_task_MP_exp2,2020.2.5,Win32,60,m,1,0.787285,,,,,,,,0.787285,1,,,,,,140,WORD,"ID",16,prince,PRINCE,m,,,,,,-0.025,-0.081481481,0,0,0,,0,338,338,79,1,
,,,,,,,,,,,,,,,,,,5f8d8248de70e707b27f4896,2020-11-27_15h03.59.257,lexical_decision_task_MP_exp2,2020.2.5,Win32,60,m,1,1.04074,,,,,,,,1.04074,1,,,,,,207,WORD,UN,33,hockey,WREATH,m,,,,,,-0.025,-0.081481481,0,0,0,,0,339,339,146,1,
,,,,,,,,,,,,,,,,,,5f8d8248de70e707b27f4896,2020-11-27_15h03.59.257,lexical_decision_task_MP_exp2,2020.2.5,Win32,60,m,1,0.600435,,,,,,,,0.600435,1,,,,,,72,WORD,"ID",33,bright,BRIGHT,m,,,,,,-0.025,-0.081481481,0,0,0,,0,340,340,11,1,
,,,,,,,,,,,,,,,,,,5f8d8248de70e707b27f4896,2020-11-27_15h03.59.257,lexical_decision_task_MP_exp2,2020.2.5,Win32,60,z,1,0.641395,,,,,,,,0.641395,1,,,,,,419,NW,"ID",16,slount,SLOUNT,z,,,,,,-0.025,-0.081481481,0,0,0,,0,341,341,358,1,
,,,,,,,,,,,,,,,,,,5f8d8248de70e707b27f4896,2020-11-27_15h03.59.257,lexical_decision_task_MP_exp2,2020.2.5,Win32,60,m,1,0.72117,,,,,,,,0.72117,1,,,,,,35,WORD,UN,16,vanish,SOCKET,m,,,,,,-0.025,-0.081481481,0,0,0,,0,342,342,214,1,
,,,,,,,,,,,,,,,,,,5f8d8248de70e707b27f4896,2020-11-27_15h03.59.257,lexical_decision_task_MP_exp2,2020.2.5,Win32,60,z,1,0.760645,,,,,,,,0.760645,1,,,,,,254,NW,UN,16,apight,VAROSH,z,,,,,,-0.025,-0.081481481,0,0,0,,0,343,343,433,1,
,,,,,,,,,,,,,,,,,,5f8d8248de70e707b27f4896,2020-11-27_15h03.59.257,lexical_decision_task_MP_exp2,2020.2.5,Win32,60,z,1,0.613835,,,,,,,,0.613835,1,,,,,,465,NW,UN,33,bafent,WHIVEX,z,,,,,,-0.025,-0.081481481,0,0,0,,0,344,344,404,1,
,,,,,,,,,,,,,,,,,,5f8d8248de70e707b27f4896,2020-11-27_15h03.59.257,lexical_decision_task_MP_exp2,2020.2.5,Win32,60,m,1,0.680815,,,,,,,,0.680815,1,,,,,,156,WORD,"ID",16,cradle,CRADLE,m,,,,,,-0.025,-0.081481481,0,0,0,,0,345,345,95,1,
,,,,,,,,,,,,,,,,,,5f8d8248de70e707b27f4896,2020-11-27_15h03.59.257,lexical_decision_task_MP_exp2,2020.2.5,Win32,60,z,1,0.77388,,,,,,,,0.77388,1,,,,,,436,NW,UN,33,snapel,FRUTAN,z,,,,,,-0.025,-0.081481481,0,0,0,,0,346,346,375,1,
,,,,,,,,,,,,,,,,,,5f8d8248de70e707b27f4896,2020-11-27_15h03.59.257,lexical_decision_task_MP_exp2,2020.2.5,Win32,60,z,1,0.74736,,,,,,,,0.74736,1,,,,,,305,NW,"ID",33,forgle,FORGLE,z,,,,,,-0.025,-0.081481481,0,0,0,,0,347,347,244,1,
,,,,,,,,,,,,,,,,,,5f8d8248de70e707b27f4896,2020-11-27_15h03.59.257,lexical_decision_task_MP_exp2,2020.2.5,Win32,60,z,1,0.720955,,,,,,,,0.720955,1,,,,,,289,NW,UN,16,splino,STARBY,z,,,,,,-0.025,-0.081481481,0,0,0,,0,348,348,468,1,
,,,,,,,,,,,,,,,,,,5f8d8248de70e707b27f4896,2020-11-27_15h03.59.257,lexical_decision_task_MP_exp2,2020.2.5,Win32,60,z,1,0.60073,,,,,,,,0.60073,1,,,,,,395,NW,"ID",16,colury,COLURY,z,,,,,,-0.025,-0.081481481,0,0,0,,0,349,349,334,1,
,,,,,,,,,,,,,,,,,,5f8d8248de70e707b27f4896,2020-11-27_15h03.59.257,lexical_decision_task_MP_exp2,2020.2.5,Win32,60,m,1,0.69386,,,,,,,,0.69386,1,,,,,,199,WORD,UN,33,plague,INVOKE,m,,,,,,-0.025,-0.081481481,0,0,0,,0,350,350,138,1,
,,,,,,,,,,,,,,,,,,5f8d8248de70e707b27f4896,2020-11-27_15h03.59.257,lexical_decision_task_MP_exp2,2020.2.5,Win32,60,z,1,0.69374,,,,,,,,0.69374,1,,,,,,468,NW,UN,33,padifs,WICTOR,z,,,,,,-0.025,-0.081481481,0,0,0,,0,351,351,407,1,
,,,,,,,,,,,,,,,,,,5f8d8248de70e707b27f4896,2020-11-27_15h03.59.257,lexical_decision_task_MP_exp2,2020.2.5,Win32,60,z,1,0.57406,,,,,,,,0.57406,1,,,,,,339,NW,"ID",33,fachow,FACHOW,z,,,,,,-0.025,-0.081481481,0,0,0,,0,352,352,278,1,
,,,,,,,,,,,,,,,,,,5f8d8248de70e707b27f4896,2020-11-27_15h03.59.257,lexical_decision_task_MP_exp2,2020.2.5,Win32,60,m,1,0.57384,,,,,,,,0.57384,1,,,,,,13,WORD,UN,16,almost,STRIVE,m,,,,,,-0.025,-0.081481481,0,0,0,,0,353,353,192,1,
,,,,,,,,,,,,,,,,,,5f8d8248de70e707b27f4896,2020-11-27_15h03.59.257,lexical_decision_task_MP_exp2,2020.2.5,Win32,60,m,1,0.53411,,,,,,,,0.53411,1,,,,,,102,WORD,"ID",33,direct,DIRECT,m,,,,,,-0.025,-0.081481481,0,0,0,,0,354,354,41,1,
,,,,,,,,,,,,,,,,,,5f8d8248de70e707b27f4896,2020-11-27_15h03.59.257,lexical_decision_task_MP_exp2,2020.2.5,Win32,60,m,1,0.546955,,,,,,,,0.546955,1,,,,,,181,WORD,UN,33,winter,GLANCE,m,,,,,,-0.025,-0.081481481,0,0,0,,0,355,355,120,1,
,,,,,,,,,,,,,,,,,,5f8d8248de70e707b27f4896,2020-11-27_15h03.59.257,lexical_decision_task_MP_exp2,2020.2.5,Win32,60,z,1,0.960465,,,,,,,,0.960465,1,,,,,,338,NW,"ID",33,wreash,WREASH,z,,,,,,-0.025,-0.081481481,0,0,0,,0,356,356,277,1,
,,,,,,,,,,,,,,,,,,5f8d8248de70e707b27f4896,2020-11-27_15h03.59.257,lexical_decision_task_MP_exp2,2020.2.5,Win32,60,z,1,0.627295,,,,,,,,0.627295,1,,,,,,391,NW,"ID",16,theldy,THELDY,z,,,,,,-0.025,-0.081481481,0,0,0,,0,357,357,330,1,
,,,,,,,,,,,,,,,,,,5f8d8248de70e707b27f4896,2020-11-27_15h03.59.257,lexical_decision_task_MP_exp2,2020.2.5,Win32,60,z,1,0.627105,,,,,,,,0.627105,1,,,,,,412,NW,"ID",16,jiluer,JILUER,z,,,,,,-0.025,-0.081481481,0,0,0,,0,358,358,351,1,
,,,,,,,,,,,,,,,,,,5f8d8248de70e707b27f4896,2020-11-27_15h03.59.257,lexical_decision_task_MP_exp2,2020.2.5,Win32,60,m,1,0.654025,,,,,,,,0.654025,1,,,,,,192,WORD,UN,33,object,PLAGUE,m,,,,,,-0.025,-0.081481481,0,0,0,,0,359,359,131,1,
,,,,,,,,,,,,,,,,,,5f8d8248de70e707b27f4896,2020-11-27_15h03.59.257,lexical_decision_task_MP_exp2,2020.2.5,Win32,60,z,1,0.9608,,,,,,,,0.9608,1,,,,,,411,NW,"ID",16,orchin,ORCHIN,z,,,,,,-0.025,-0.081481481,0,0,0,,0,360,360,350,1,
,,,,,,,,,,,,,,,,,,5f8d8248de70e707b27f4896,2020-11-27_15h03.59.257,lexical_decision_task_MP_exp2,2020.2.5,Win32,60,z,1,0.85397,,,,,,,,0.85397,1,,,,,,256,NW,UN,16,veniod,INLORS,z,,,,,,-0.025,-0.081481481,0,0,0,,0,361,361,435,1,
,,,,,,,,,,,,,,,,,,5f8d8248de70e707b27f4896,2020-11-27_15h03.59.257,lexical_decision_task_MP_exp2,2020.2.5,Win32,60,m,1,0.653935,,,,,,,,0.653935,1,,,,,,180,WORD,"ID",16,silent,SILENT,m,,,,,,-0.025,-0.081481481,0,0,0,space,0,362,362,119,1,7.75016
,,,,,,,,,,,,,,,,,,5f8d8248de70e707b27f4896,2020-11-27_15h03.59.257,lexical_decision_task_MP_exp2,2020.2.5,Win32,60,z,1,0.747285,,,,,,,,0.747285,1,,,,,,459,NW,UN,33,mingar,BAFENT,z,,,,,,-0.025,-0.081481481,0,0,0,,0,363,363,398,1,
,,,,,,,,,,,,,,,,,,5f8d8248de70e707b27f4896,2020-11-27_15h03.59.257,lexical_decision_task_MP_exp2,2020.2.5,Win32,60,z,0,0.854325,,,,,,,,0.854325,0,,,,,,133,WORD,"ID",16,chrome,CHROME,m,,,,,,-0.025,-0.081481481,0,0,0,,0,364,364,72,1,
,,,,,,,,,,,,,,,,,,5f8d8248de70e707b27f4896,2020-11-27_15h03.59.257,lexical_decision_task_MP_exp2,2020.2.5,Win32,60,z,1,0.81391,,,,,,,,0.81391,1,,,,,,424,NW,UN,33,frudge,PRAILE,z,,,,,,-0.025,-0.081481481,0,0,0,,0,365,365,363,1,
,,,,,,,,,,,,,,,,,,5f8d8248de70e707b27f4896,2020-11-27_15h03.59.257,lexical_decision_task_MP_exp2,2020.2.5,Win32,60,z,1,0.66723,,,,,,,,0.66723,1,,,,,,243,NW,UN,16,eatric,MUSIED,z,,,,,,-0.025,-0.081481481,0,0,0,,0,366,366,422,1,
,,,,,,,,,,,,,,,,,,5f8d8248de70e707b27f4896,2020-11-27_15h03.59.257,lexical_decision_task_MP_exp2,2020.2.5,Win32,60,z,0,1.507825,,,,,,,,1.507825,0,,,,,,111,WORD,"ID",33,induce,INDUCE,m,,,,,,-0.025,-0.081481481,0,0,0,,0,367,367,50,1,
,,,,,,,,,,,,,,,,,,5f8d8248de70e707b27f4896,2020-11-27_15h03.59.257,lexical_decision_task_MP_exp2,2020.2.5,Win32,60,z,1,0.654135,,,,,,,,0.654135,1,,,,,,351,NW,"ID",33,tiesch,TIESCH,z,,,,,,-0.025,-0.081481481,0,0,0,,0,368,368,290,1,
,,,,,,,,,,,,,,,,,,5f8d8248de70e707b27f4896,2020-11-27_15h03.59.257,lexical_decision_task_MP_exp2,2020.2.5,Win32,60,z,1,1.05413,,,,,,,,1.05413,1,,,,,,362,NW,"ID",16,tireau,TIREAU,z,,,,,,-0.025,-0.081481481,0,0,0,,0,369,369,301,1,
,,,,,,,,,,,,,,,,,,5f8d8248de70e707b27f4896,2020-11-27_15h03.59.257,lexical_decision_task_MP_exp2,2020.2.5,Win32,60,m,1,0.53412,,,,,,,,0.53412,1,,,,,,94,WORD,"ID",33,travel,TRAVEL,m,,,,,,-0.025,-0.081481481,0,0,0,,0,370,370,33,1,
,,,,,,,,,,,,,,,,,,5f8d8248de70e707b27f4896,2020-11-27_15h03.59.257,lexical_decision_task_MP_exp2,2020.2.5,Win32,60,z,1,0.546925,,,,,,,,0.546925,1,,,,,,470,NW,UN,33,nobest,CRUDIO,z,,,,,,-0.025,-0.081481481,0,0,0,,0,371,371,409,1,
,,,,,,,,,,,,,,,,,,5f8d8248de70e707b27f4896,2020-11-27_15h03.59.257,lexical_decision_task_MP_exp2,2020.2.5,Win32,60,z,1,0.60083,,,,,,,,0.60083,1,,,,,,257,NW,UN,16,poluth,VENIOD,z,,,,,,-0.025,-0.081481481,0,0,0,,0,372,372,436,1,
,,,,,,,,,,,,,,,,,,5f8d8248de70e707b27f4896,2020-11-27_15h03.59.257,lexical_decision_task_MP_exp2,2020.2.5,Win32,60,m,1,0.520715,,,,,,,,0.520715,1,,,,,,47,WORD,UN,16,walnut,INCOME,m,,,,,,-0.025,-0.081481481,0,0,0,,0,373,373,226,1,
,,,,,,,,,,,,,,,,,,5f8d8248de70e707b27f4896,2020-11-27_15h03.59.257,lexical_decision_task_MP_exp2,2020.2.5,Win32,60,z,1,0.574225,,,,,,,,0.574225,1,,,,,,387,NW,"ID",16,gronce,GRONCE,z,,,,,,-0.025,-0.081481481,0,0,0,,0,374,374,326,1,
,,,,,,,,,,,,,,,,,,5f8d8248de70e707b27f4896,2020-11-27_15h03.59.257,lexical_decision_task_MP_exp2,2020.2.5,Win32,60,z,1,0.720655,,,,,,,,0.720655,1,,,,,,342,NW,"ID",33,randow,RANDOW,z,,,,,,-0.025,-0.081481481,0,0,0,,0,375,375,281,1,
,,,,,,,,,,,,,,,,,,5f8d8248de70e707b27f4896,2020-11-27_15h03.59.257,lexical_decision_task_MP_exp2,2020.2.5,Win32,60,z,0,0.894055,,,,,,,,0.894055,0,,,,,,62,WORD,"ID",33,region,REGION,m,,,,,,-0.025,-0.081481481,0,0,0,,0,376,376,1,1,
,,,,,,,,,,,,,,,,,,5f8d8248de70e707b27f4896,2020-11-27_15h03.59.257,lexical_decision_task_MP_exp2,2020.2.5,Win32,60,z,1,0.73402,,,,,,,,0.73402,1,,,,,,335,NW,"ID",33,desion,DESION,z,,,,,,-0.025,-0.081481481,0,0,0,,0,377,377,274,1,
,,,,,,,,,,,,,,,,,,5f8d8248de70e707b27f4896,2020-11-27_15h03.59.257,lexical_decision_task_MP_exp2,2020.2.5,Win32,60,m,1,0.62742,,,,,,,,0.62742,1,,,,,,128,WORD,"ID",16,senior,SENIOR,m,,,,,,-0.025,-0.081481481,0,0,0,,0,378,378,67,1,
,,,,,,,,,,,,,,,,,,5f8d8248de70e707b27f4896,2020-11-27_15h03.59.257,lexical_decision_task_MP_exp2,2020.2.5,Win32,60,m,1,0.61424,,,,,,,,0.61424,1,,,,,,233,WORD,UN,33,clumsy,NATURE,m,,,,,,-0.025,-0.081481481,0,0,0,,0,379,379,172,1,
,,,,,,,,,,,,,,,,,,5f8d8248de70e707b27f4896,2020-11-27_15h03.59.257,lexical_decision_task_MP_exp2,2020.2.5,Win32,60,m,1,0.680425,,,,,,,,0.680425,1,,,,,,186,WORD,UN,33,course,PORTAL,m,,,,,,-0.025,-0.081481481,0,0,0,,0,380,380,125,1,
,,,,,,,,,,,,,,,,,,5f8d8248de70e707b27f4896,2020-11-27_15h03.59.257,lexical_decision_task_MP_exp2,2020.2.5,Win32,60,z,1,0.827315,,,,,,,,0.827315,1,,,,,,285,NW,UN,16,reldon,PRUDGE,z,,,,,,-0.025,-0.081481481,0,0,0,,0,381,381,464,1,
,,,,,,,,,,,,,,,,,,5f8d8248de70e707b27f4896,2020-11-27_15h03.59.257,lexical_decision_task_MP_exp2,2020.2.5,Win32,60,z,1,0.614235,,,,,,,,0.614235,1,,,,,,280,NW,UN,16,melaty,CURBOL,z,,,,,,-0.025,-0.081481481,0,0,0,,0,382,382,459,1,
,,,,,,,,,,,,,,,,,,5f8d8248de70e707b27f4896,2020-11-27_15h03.59.257,lexical_decision_task_MP_exp2,2020.2.5,Win32,60,m,1,0.61399,,,,,,,,0.61399,1,,,,,,201,WORD,UN,33,factor,ADMIRE,m,,,,,,-0.025,-0.081481481,0,0,0,,0,383,383,140,1,
,,,,,,,,,,,,,,,,,,5f8d8248de70e707b27f4896,2020-11-27_15h03.59.257,lexical_decision_task_MP_exp2,2020.2.5,Win32,60,m,1,1.107385,,,,,,,,1.107385,1,,,,,,71,WORD,"ID",33,garden,GARDEN,m,,,,,,-0.025,-0.081481481,0,0,0,,0,384,384,10,1,
,,,,,,,,,,,,,,,,,,5f8d8248de70e707b27f4896,2020-11-27_15h03.59.257,lexical_decision_task_MP_exp2,2020.2.5,Win32,60,m,1,0.586995,,,,,,,,0.586995,1,,,,,,119,WORD,"ID",33,spider,SPIDER,m,,,,,,-0.025,-0.081481481,0,0,0,,0,385,385,58,1,
,,,,,,,,,,,,,,,,,,5f8d8248de70e707b27f4896,2020-11-27_15h03.59.257,lexical_decision_task_MP_exp2,2020.2.5,Win32,60,z,1,0.68061,,,,,,,,0.68061,1,,,,,,475,NW,UN,33,josted,PEBRIC,z,,,,,,-0.025,-0.081481481,0,0,0,,0,386,386,414,1,
,,,,,,,,,,,,,,,,,,5f8d8248de70e707b27f4896,2020-11-27_15h03.59.257,lexical_decision_task_MP_exp2,2020.2.5,Win32,60,z,0,0.587045,,,,,,,,0.587045,0,,,,,,184,WORD,UN,33,bother,SLEAZY,m,,,,,,-0.025,-0.081481481,0,0,0,,0,387,387,123,1,
,,,,,,,,,,,,,,,,,,5f8d8248de70e707b27f4896,2020-11-27_15h03.59.257,lexical_decision_task_MP_exp2,2020.2.5,Win32,60,z,1,0.720585,,,,,,,,0.720585,1,,,,,,290,NW,UN,16,pretch,SPLINO,z,,,,,,-0.025,-0.081481481,0,0,0,,0,388,388,469,1,
,,,,,,,,,,,,,,,,,,5f8d8248de70e707b27f4896,2020-11-27_15h03.59.257,lexical_decision_task_MP_exp2,2020.2.5,Win32,60,m,1,0.61384,,,,,,,,0.61384,1,,,,,,103,WORD,"ID",33,bounce,BOUNCE,m,,,,,,-0.025,-0.081481481,0,0,0,,0,389,389,42,1,
,,,,,,,,,,,,,,,,,,5f8d8248de70e707b27f4896,2020-11-27_15h03.59.257,lexical_decision_task_MP_exp2,2020.2.5,Win32,60,m,1,0.60037,,,,,,,,0.60037,1,,,,,,147,WORD,"ID",16,garlic,GARLIC,m,,,,,,-0.025,-0.081481481,0,0,0,,0,390,390,86,1,
,,,,,,,,,,,,,,,,,,5f8d8248de70e707b27f4896,2020-11-27_15h03.59.257,lexical_decision_task_MP_exp2,2020.2.5,Win32,60,m,1,0.7741,,,,,,,,0.7741,1,,,,,,77,WORD,"ID",33,racket,RACKET,m,,,,,,-0.025,-0.081481481,0,0,0,,0,391,391,16,1,
,,,,,,,,,,,,,,,,,,5f8d8248de70e707b27f4896,2020-11-27_15h03.59.257,lexical_decision_task_MP_exp2,2020.2.5,Win32,60,m,1,0.533815,,,,,,,,0.533815,1,,,,,,165,WORD,"ID",16,invest,INVEST,m,,,,,,-0.025,-0.081481481,0,0,0,,0,392,392,104,1,
,,,,,,,,,,,,,,,,,,5f8d8248de70e707b27f4896,2020-11-27_15h03.59.257,lexical_decision_task_MP_exp2,2020.2.5,Win32,60,z,1,0.58729,,,,,,,,0.58729,1,,,,,,377,NW,"ID",16,injore,INJORE,z,,,,,,-0.025,-0.081481481,0,0,0,,0,393,393,316,1,
,,,,,,,,,,,,,,,,,,5f8d8248de70e707b27f4896,2020-11-27_15h03.59.257,lexical_decision_task_MP_exp2,2020.2.5,Win32,60,m,1,0.600525,,,,,,,,0.600525,1,,,,,,141,WORD,"ID",16,orphan,ORPHAN,m,,,,,,-0.025,-0.081481481,0,0,0,,0,394,394,80,1,
,,,,,,,,,,,,,,,,,,5f8d8248de70e707b27f4896,2020-11-27_15h03.59.257,lexical_decision_task_MP_exp2,2020.2.5,Win32,60,m,1,0.61388,,,,,,,,0.61388,1,,,,,,57,WORD,UN,16,danger,CHANGE,m,,,,,,-0.025,-0.081481481,0,0,0,,0,395,395,236,1,
,,,,,,,,,,,,,,,,,,5f8d8248de70e707b27f4896,2020-11-27_15h03.59.257,lexical_decision_task_MP_exp2,2020.2.5,Win32,60,z,1,0.60051,,,,,,,,0.60051,1,,,,,,266,NW,UN,16,pasink,VARMIT,z,,,,,,-0.025,-0.081481481,0,0,0,,0,396,396,445,1,
,,,,,,,,,,,,,,,,,,5f8d8248de70e707b27f4896,2020-11-27_15h03.59.257,lexical_decision_task_MP_exp2,2020.2.5,Win32,60,z,1,0.8006,,,,,,,,0.8006,1,,,,,,367,NW,"ID",16,slique,SLIQUE,z,,,,,,-0.025,-0.081481481,0,0,0,,0,397,397,306,1,
,,,,,,,,,,,,,,,,,,5f8d8248de70e707b27f4896,2020-11-27_15h03.59.257,lexical_decision_task_MP_exp2,2020.2.5,Win32,60,z,1,0.534035,,,,,,,,0.534035,1,,,,,,317,NW,"ID",33,worbal,WORBAL,z,,,,,,-0.025,-0.081481481,0,0,0,,0,398,398,256,1,
,,,,,,,,,,,,,,,,,,5f8d8248de70e707b27f4896,2020-11-27_15h03.59.257,lexical_decision_task_MP_exp2,2020.2.5,Win32,60,m,1,0.68088,,,,,,,,0.68088,1,,,,,,34,WORD,UN,16,socket,JUNGLE,m,,,,,,-0.025,-0.081481481,0,0,0,,0,399,399,213,1,
,,,,,,,,,,,,,,,,,,5f8d8248de70e707b27f4896,2020-11-27_15h03.59.257,lexical_decision_task_MP_exp2,2020.2.5,Win32,60,z,1,0.587425,,,,,,,,0.587425,1,,,,,,401,NW,"ID",16,mustil,MUSTIL,z,,,,,,-0.025,-0.081481481,0,0,0,,0,400,400,340,1,
,,,,,,,,,,,,,,,,,,5f8d8248de70e707b27f4896,2020-11-27_15h03.59.257,lexical_decision_task_MP_exp2,2020.2.5,Win32,60,z,1,0.54722,,,,,,,,0.54722,1,,,,,,349,NW,"ID",33,asylen,ASYLEN,z,,,,,,-0.025,-0.081481481,0,0,0,,0,401,401,288,1,
,,,,,,,,,,,,,,,,,,5f8d8248de70e707b27f4896,2020-11-27_15h03.59.257,lexical_decision_task_MP_exp2,2020.2.5,Win32,60,m,1,0.57419,,,,,,,,0.57419,1,,,,,,135,WORD,"ID",16,import,IMPORT,m,,,,,,-0.025,-0.081481481,0,0,0,,0,402,402,74,1,
,,,,,,,,,,,,,,,,,,5f8d8248de70e707b27f4896,2020-11-27_15h03.59.257,lexical_decision_task_MP_exp2,2020.2.5,Win32,60,z,1,0.520525,,,,,,,,0.520525,1,,,,,,329,NW,"ID",33,yarike,YARIKE,z,,,,,,-0.025,-0.081481481,0,0,0,,0,403,403,268,1,
,,,,,,,,,,,,,,,,,,5f8d8248de70e707b27f4896,2020-11-27_15h03.59.257,lexical_decision_task_MP_exp2,2020.2.5,Win32,60,m,1,0.547205,,,,,,,,0.547205,1,,,,,,45,WORD,UN,16,single,CLERGY,m,,,,,,-0.025,-0.081481481,0,0,0,,0,404,404,224,1,
,,,,,,,,,,,,,,,,,,5f8d8248de70e707b27f4896,2020-11-27_15h03.59.257,lexical_decision_task_MP_exp2,2020.2.5,Win32,60,z,1,0.627185,,,,,,,,0.627185,1,,,,,,399,NW,"ID",16,fouret,FOURET,z,,,,,,-0.025,-0.081481481,0,0,0,,0,405,405,338,1,
,,,,,,,,,,,,,,,,,,5f8d8248de70e707b27f4896,2020-11-27_15h03.59.257,lexical_decision_task_MP_exp2,2020.2.5,Win32,60,m,1,0.52042,,,,,,,,0.52042,1,,,,,,43,WORD,UN,16,foster,TONGUE,m,,,,,,-0.025,-0.081481481,0,0,0,,0,406,406,222,1,
,,,,,,,,,,,,,,,,,,5f8d8248de70e707b27f4896,2020-11-27_15h03.59.257,lexical_decision_task_MP_exp2,2020.2.5,Win32,60,z,1,0.58767,,,,,,,,0.58767,1,,,,,,421,NW,UN,33,alcoud,KNISMA,z,,,,,,-0.025,-0.081481481,0,0,0,,0,407,407,360,1,
,,,,,,,,,,,,,,,,,,5f8d8248de70e707b27f4896,2020-11-27_15h03.59.257,lexical_decision_task_MP_exp2,2020.2.5,Win32,60,m,1,0.56075,,,,,,,,0.56075,1,,,,,,84,WORD,"ID",33,mortal,MORTAL,m,,,,,,-0.025,-0.081481481,0,0,0,,0,408,408,23,1,
,,,,,,,,,,,,,,,,,,5f8d8248de70e707b27f4896,2020-11-27_15h03.59.257,lexical_decision_task_MP_exp2,2020.2.5,Win32,60,m,1,0.64077,,,,,,,,0.64077,1,,,,,,179,WORD,"ID",16,basket,BASKET,m,,,,,,-0.025,-0.081481481,0,0,0,,0,409,409,118,1,
,,,,,,,,,,,,,,,,,,5f8d8248de70e707b27f4896,2020-11-27_15h03.59.257,lexical_decision_task_MP_exp2,2020.2.5,Win32,60,z,1,0.654165,,,,,,,,0.654165,1,,,,,,327,NW,"ID",33,plenac,PLENAC,z,,,,,,-0.025,-0.081481481,0,0,0,,0,410,410,266,1,
,,,,,,,,,,,,,,,,,,5f8d8248de70e707b27f4896,2020-11-27_15h03.59.257,lexical_decision_task_MP_exp2,2020.2.5,Win32,60,z,1,0.66727,,,,,,,,0.66727,1,,,,,,455,NW,UN,33,broget,TONDLE,z,,,,,,-0.025,-0.081481481,0,0,0,,0,411,411,394,1,
,,,,,,,,,,,,,,,,,,5f8d8248de70e707b27f4896,2020-11-27_15h03.59.257,lexical_decision_task_MP_exp2,2020.2.5,Win32,60,m,1,0.73395,,,,,,,,0.73395,1,,,,,,112,WORD,"ID",33,breath,BREATH,m,,,,,,-0.025,-0.081481481,0,0,0,,0,412,412,51,1,
,,,,,,,,,,,,,,,,,,5f8d8248de70e707b27f4896,2020-11-27_15h03.59.257,lexical_decision_task_MP_exp2,2020.2.5,Win32,60,m,1,0.57396,,,,,,,,0.57396,1,,,,,,210,WORD,UN,33,infect,MONKEY,m,,,,,,-0.025,-0.081481481,0,0,0,,0,413,413,149,1,
,,,,,,,,,,,,,,,,,,5f8d8248de70e707b27f4896,2020-11-27_15h03.59.257,lexical_decision_task_MP_exp2,2020.2.5,Win32,60,m,1,0.907215,,,,,,,,0.907215,1,,,,,,224,WORD,UN,33,vulgar,PERIOD,m,,,,,,-0.025,-0.081481481,0,0,0,,0,414,414,163,1,
,,,,,,,,,,,,,,,,,,5f8d8248de70e707b27f4896,2020-11-27_15h03.59.257,lexical_decision_task_MP_exp2,2020.2.5,Win32,60,m,1,0.600555,,,,,,,,0.600555,1,,,,,,80,WORD,"ID",33,family,FAMILY,m,,,,,,-0.025,-0.081481481,0,0,0,,0,415,415,19,1,
,,,,,,,,,,,,,,,,,,5f8d8248de70e707b27f4896,2020-11-27_15h03.59.257,lexical_decision_task_MP_exp2,2020.2.5,Win32,60,z,1,0.654135,,,,,,,,0.654135,1,,,,,,363,NW,"ID",16,breali,BREALI,z,,,,,,-0.025,-0.081481481,0,0,0,,0,416,416,302,1,
,,,,,,,,,,,,,,,,,,5f8d8248de70e707b27f4896,2020-11-27_15h03.59.257,lexical_decision_task_MP_exp2,2020.2.5,Win32,60,z,1,0.5745,,,,,,,,0.5745,1,,,,,,422,NW,UN,33,streld,ALCOUD,z,,,,,,-0.025,-0.081481481,0,0,0,,0,417,417,361,1,
,,,,,,,,,,,,,,,,,,5f8d8248de70e707b27f4896,2020-11-27_15h03.59.257,lexical_decision_task_MP_exp2,2020.2.5,Win32,60,z,1,0.560835,,,,,,,,0.560835,1,,,,,,383,NW,"ID",16,aungre,AUNGRE,z,,,,,,-0.025,-0.081481481,0,0,0,,0,418,418,322,1,
,,,,,,,,,,,,,,,,,,5f8d8248de70e707b27f4896,2020-11-27_15h03.59.257,lexical_decision_task_MP_exp2,2020.2.5,Win32,60,m,1,0.547945,,,,,,,,0.547945,1,,,,,,204,WORD,UN,33,lounge,BURDEN,m,,,,,,-0.025,-0.081481481,0,0,0,,0,419,419,143,1,
,,,,,,,,,,,,,,,,,,5f8d8248de70e707b27f4896,2020-11-27_15h03.59.257,lexical_decision_task_MP_exp2,2020.2.5,Win32,60,z,1,0.60063,,,,,,,,0.60063,1,,,,,,441,NW,UN,33,aboune,RASTOE,z,,,,,,-0.025,-0.081481481,0,0,0,,0,420,420,380,1,
,,,,,,,,,,,,,,,,,,5f8d8248de70e707b27f4896,2020-11-27_15h03.59.257,lexical_decision_task_MP_exp2,2020.2.5,Win32,60,z,1,0.800685,,,,,,,,0.800685,1,,,,,,449,NW,UN,33,phrect,BRUNGE,z,,,,,,-0.025,-0.081481481,0,0,0,,0,421,421,388,1,
,,,,,,,,,,,,,,,,,,5f8d8248de70e707b27f4896,2020-11-27_15h03.59.257,lexical_decision_task_MP_exp2,2020.2.5,Win32,60,z,1,0.600695,,,,,,,,0.600695,1,,,,,,310,NW,"ID",33,daniet,DANIET,z,,,,,,-0.025,-0.081481481,0,0,0,,0,422,422,249,1,
,,,,,,,,,,,,,,,,,,5f8d8248de70e707b27f4896,2020-11-27_15h03.59.257,lexical_decision_task_MP_exp2,2020.2.5,Win32,60,z,1,0.62746,,,,,,,,0.62746,1,,,,,,471,NW,UN,33,cigney,NOBEST,z,,,,,,-0.025,-0.081481481,0,0,0,,0,423,423,410,1,
,,,,,,,,,,,,,,,,,,5f8d8248de70e707b27f4896,2020-11-27_15h03.59.257,lexical_decision_task_MP_exp2,2020.2.5,Win32,60,m,0,0.653595,,,,,,,,0.653595,0,,,,,,425,NW,UN,33,urivel,FRUDGE,z,,,,,,-0.025,-0.081481481,0,0,0,,0,424,424,364,1,
,,,,,,,,,,,,,,,,,,5f8d8248de70e707b27f4896,2020-11-27_15h03.59.257,lexical_decision_task_MP_exp2,2020.2.5,Win32,60,m,1,0.653815,,,,,,,,0.653815,1,,,,,,132,WORD,"ID",16,strong,STRONG,m,,,,,,-0.025,-0.081481481,0,0,0,,0,425,425,71,1,
,,,,,,,,,,,,,,,,,,5f8d8248de70e707b27f4896,2020-11-27_15h03.59.257,lexical_decision_task_MP_exp2,2020.2.5,Win32,60,z,1,1.039785,,,,,,,,1.039785,1,,,,,,268,NW,UN,16,orchet,PACKES,z,,,,,,-0.025,-0.081481481,0,0,0,,0,426,426,447,1,
,,,,,,,,,,,,,,,,,,5f8d8248de70e707b27f4896,2020-11-27_15h03.59.257,lexical_decision_task_MP_exp2,2020.2.5,Win32,60,z,1,0.547445,,,,,,,,0.547445,1,,,,,,463,NW,UN,33,chaite,KISPEL,z,,,,,,-0.025,-0.081481481,0,0,0,,0,427,427,402,1,
,,,,,,,,,,,,,,,,,,5f8d8248de70e707b27f4896,2020-11-27_15h03.59.257,lexical_decision_task_MP_exp2,2020.2.5,Win32,60,z,1,0.640705,,,,,,,,0.640705,1,,,,,,272,NW,UN,16,sortel,DAMILT,z,,,,,,-0.025,-0.081481481,0,0,0,,0,428,428,451,1,
,,,,,,,,,,,,,,,,,,5f8d8248de70e707b27f4896,2020-11-27_15h03.59.257,lexical_decision_task_MP_exp2,2020.2.5,Win32,60,m,1,0.706995,,,,,,,,0.706995,1,,,,,,151,WORD,"ID",16,mystic,MYSTIC,m,,,,,,-0.025,-0.081481481,0,0,0,,0,429,429,90,1,
,,,,,,,,,,,,,,,,,,5f8d8248de70e707b27f4896,2020-11-27_15h03.59.257,lexical_decision_task_MP_exp2,2020.2.5,Win32,60,m,1,0.65217,,,,,,,,0.65217,1,,,,,,120,WORD,"ID",33,strain,STRAIN,m,,,,,,-0.025,-0.081481481,0,0,0,,0,430,430,59,1,
,,,,,,,,,,,,,,,,,,5f8d8248de70e707b27f4896,2020-11-27_15h03.59.257,lexical_decision_task_MP_exp2,2020.2.5,Win32,60,m,1,0.73412,,,,,,,,0.73412,1,,,,,,138,WORD,"ID",16,melody,MELODY,m,,,,,,-0.025,-0.081481481,0,0,0,,0,431,431,77,1,
,,,,,,,,,,,,,,,,,,5f8d8248de70e707b27f4896,2020-11-27_15h03.59.257,lexical_decision_task_MP_exp2,2020.2.5,Win32,60,m,1,0.92105,,,,,,,,0.92105,1,,,,,,239,WORD,UN,33,forest,LUMBER,m,,,,,,-0.025,-0.081481481,0,0,0,,0,432,432,178,1,
,,,,,,,,,,,,,,,,,,5f8d8248de70e707b27f4896,2020-11-27_15h03.59.257,lexical_decision_task_MP_exp2,2020.2.5,Win32,60,m,1,0.560365,,,,,,,,0.560365,1,,,,,,108,WORD,"ID",33,reckon,RECKON,m,,,,,,-0.025,-0.081481481,0,0,0,,0,433,433,47,1,
,,,,,,,,,,,,,,,,,,5f8d8248de70e707b27f4896,2020-11-27_15h03.59.257,lexical_decision_task_MP_exp2,2020.2.5,Win32,60,m,1,0.82743,,,,,,,,0.82743,1,,,,,,225,WORD,UN,33,casino,VULGAR,m,,,,,,-0.025,-0.081481481,0,0,0,,0,434,434,164,1,
,,,,,,,,,,,,,,,,,,5f8d8248de70e707b27f4896,2020-11-27_15h03.59.257,lexical_decision_task_MP_exp2,2020.2.5,Win32,60,z,1,0.653905,,,,,,,,0.653905,1,,,,,,355,NW,"ID",33,zingly,ZINGLY,z,,,,,,-0.025,-0.081481481,0,0,0,,0,435,435,294,1,
,,,,,,,,,,,,,,,,,,5f8d8248de70e707b27f4896,2020-11-27_15h03.59.257,lexical_decision_task_MP_exp2,2020.2.5,Win32,60,m,1,0.907445,,,,,,,,0.907445,1,,,,,,183,WORD,UN,33,sleazy,MILDEW,m,,,,,,-0.025,-0.081481481,0,0,0,,0,436,436,122,1,
,,,,,,,,,,,,,,,,,,5f8d8248de70e707b27f4896,2020-11-27_15h03.59.257,lexical_decision_task_MP_exp2,2020.2.5,Win32,60,z,1,0.653635,,,,,,,,0.653635,1,,,,,,324,NW,"ID",33,steikh,STEIKH,z,,,,,,-0.025,-0.081481481,0,0,0,,0,437,437,263,1,
,,,,,,,,,,,,,,,,,,5f8d8248de70e707b27f4896,2020-11-27_15h03.59.257,lexical_decision_task_MP_exp2,2020.2.5,Win32,60,z,1,0.74769,,,,,,,,0.74769,1,,,,,,408,NW,"ID",16,hurnia,HURNIA,z,,,,,,-0.025,-0.081481481,0,0,0,,0,438,438,347,1,
,,,,,,,,,,,,,,,,,,5f8d8248de70e707b27f4896,2020-11-27_15h03.59.257,lexical_decision_task_MP_exp2,2020.2.5,Win32,60,z,1,0.680855,,,,,,,,0.680855,1,,,,,,301,NW,"ID",33,fainch,FAINCH,z,,,,,,-0.025,-0.081481481,0,0,0,,0,439,439,240,1,
,,,,,,,,,,,,,,,,,,5f8d8248de70e707b27f4896,2020-11-27_15h03.59.257,lexical_decision_task_MP_exp2,2020.2.5,Win32,60,z,1,0.707315,,,,,,,,0.707315,1,,,,,,270,NW,UN,16,aubrid,WRIMSY,z,,,,,,-0.025,-0.081481481,0,0,0,,0,440,440,449,1,
,,,,,,,,,,,,,,,,,,5f8d8248de70e707b27f4896,2020-11-27_15h03.59.257,lexical_decision_task_MP_exp2,2020.2.5,Win32,60,z,1,0.733975,,,,,,,,0.733975,1,,,,,,314,NW,"ID",33,sprine,SPRINE,z,,,,,,-0.025,-0.081481481,0,0,0,,0,441,441,253,1,
,,,,,,,,,,,,,,,,,,5f8d8248de70e707b27f4896,2020-11-27_15h03.59.257,lexical_decision_task_MP_exp2,2020.2.5,Win32,60,z,1,0.73357,,,,,,,,0.73357,1,,,,,,477,NW,UN,33,lobush,PHOTIE,z,,,,,,-0.025,-0.081481481,0,0,0,,0,442,442,416,1,
,,,,,,,,,,,,,,,,,,5f8d8248de70e707b27f4896,2020-11-27_15h03.59.257,lexical_decision_task_MP_exp2,2020.2.5,Win32,60,z,0,0.85377,,,,,,,,0.85377,0,,,,,,238,WORD,UN,33,behalf,FLOWER,m,,,,,,-0.025,-0.081481481,0,0,0,,0,443,443,177,1,
,,,,,,,,,,,,,,,,,,5f8d8248de70e707b27f4896,2020-11-27_15h03.59.257,lexical_decision_task_MP_exp2,2020.2.5,Win32,60,z,0,1.054815,,,,,,,,1.054815,0,,,,,,200,WORD,UN,33,admire,BEACON,m,,,,,,-0.025,-0.081481481,0,0,0,,0,444,444,139,1,
,,,,,,,,,,,,,,,,,,5f8d8248de70e707b27f4896,2020-11-27_15h03.59.257,lexical_decision_task_MP_exp2,2020.2.5,Win32,60,z,1,0.72068,,,,,,,,0.72068,1,,,,,,282,NW,UN,16,veralf,PORLEX,z,,,,,,-0.025,-0.081481481,0,0,0,,0,445,445,461,1,
,,,,,,,,,,,,,,,,,,5f8d8248de70e707b27f4896,2020-11-27_15h03.59.257,lexical_decision_task_MP_exp2,2020.2.5,Win32,60,z,1,0.560565,,,,,,,,0.560565,1,,,,,,336,NW,"ID",33,ghodus,GHODUS,z,,,,,,-0.025,-0.081481481,0,0,0,,0,446,446,275,1,
,,,,,,,,,,,,,,,,,,5f8d8248de70e707b27f4896,2020-11-27_15h03.59.257,lexical_decision_task_MP_exp2,2020.2.5,Win32,60,z,1,0.587295,,,,,,,,0.587295,1,,,,,,434,NW,UN,33,impurb,PITROM,z,,,,,,-0.025,-0.081481481,0,0,0,,0,447,447,373,1,
,,,,,,,,,,,,,,,,,,5f8d8248de70e707b27f4896,2020-11-27_15h03.59.257,lexical_decision_task_MP_exp2,2020.2.5,Win32,60,m,1,0.614315,,,,,,,,0.614315,1,,,,,,28,WORD,UN,16,sketch,COMEDY,m,,,,,,-0.025,-0.081481481,0,0,0,,0,448,448,207,1,
,,,,,,,,,,,,,,,,,,5f8d8248de70e707b27f4896,2020-11-27_15h03.59.257,lexical_decision_task_MP_exp2,2020.2.5,Win32,60,m,1,0.60058,,,,,,,,0.60058,1,,,,,,206,WORD,UN,33,wreath,TAILOR,m,,,,,,-0.025,-0.081481481,0,0,0,,0,449,449,145,1,
,,,,,,,,,,,,,,,,,,5f8d8248de70e707b27f4896,2020-11-27_15h03.59.257,lexical_decision_task_MP_exp2,2020.2.5,Win32,60,z,1,0.70749,,,,,,,,0.70749,1,,,,,,409,NW,"ID",16,elopia,ELOPIA,z,,,,,,-0.025,-0.081481481,0,0,0,,0,450,450,348,1,
,,,,,,,,,,,,,,,,,,5f8d8248de70e707b27f4896,2020-11-27_15h03.59.257,lexical_decision_task_MP_exp2,2020.2.5,Win32,60,z,1,0.747455,,,,,,,,0.747455,1,,,,,,250,NW,UN,16,lupict,MILTED,z,,,,,,-0.025,-0.081481481,0,0,0,,0,451,451,429,1,
,,,,,,,,,,,,,,,,,,5f8d8248de70e707b27f4896,2020-11-27_15h03.59.257,lexical_decision_task_MP_exp2,2020.2.5,Win32,60,m,1,0.57379,,,,,,,,0.57379,1,,,,,,228,WORD,UN,33,kidney,MASTER,m,,,,,,-0.025,-0.081481481,0,0,0,,0,452,452,167,1,
,,,,,,,,,,,,,,,,,,5f8d8248de70e707b27f4896,2020-11-27_15h03.59.257,lexical_decision_task_MP_exp2,2020.2.5,Win32,60,m,1,0.627105,,,,,,,,0.627105,1,,,,,,1,WORD,UN,16,ethnic,FRIGHT,m,,,,,,-0.025,-0.081481481,0,0,0,,0,453,453,180,1,
,,,,,,,,,,,,,,,,,,5f8d8248de70e707b27f4896,2020-11-27_15h03.59.257,lexical_decision_task_MP_exp2,2020.2.5,Win32,60,z,1,0.734385,,,,,,,,0.734385,1,,,,,,386,NW,"ID",16,ancust,ANCUST,z,,,,,,-0.025,-0.081481481,0,0,0,,0,454,454,325,1,
,,,,,,,,,,,,,,,,,,5f8d8248de70e707b27f4896,2020-11-27_15h03.59.257,lexical_decision_task_MP_exp2,2020.2.5,Win32,60,z,1,0.65387,,,,,,,,0.65387,1,,,,,,474,NW,UN,33,acrise,HABLIN,z,,,,,,-0.025,-0.081481481,0,0,0,,0,455,455,413,1,
,,,,,,,,,,,,,,,,,,5f8d8248de70e707b27f4896,2020-11-27_15h03.59.257,lexical_decision_task_MP_exp2,2020.2.5,Win32,60,z,0,0.58706,,,,,,,,0.58706,0,,,,,,131,WORD,"ID",16,quench,QUENCH,m,,,,,,-0.025,-0.081481481,0,0,0,,0,456,456,70,1,
,,,,,,,,,,,,,,,,,,5f8d8248de70e707b27f4896,2020-11-27_15h03.59.257,lexical_decision_task_MP_exp2,2020.2.5,Win32,60,z,1,0.840825,,,,,,,,0.840825,1,,,,,,278,NW,UN,16,celond,UNIGHS,z,,,,,,-0.025,-0.081481481,0,0,0,,0,457,457,457,1,
,,,,,,,,,,,,,,,,,,5f8d8248de70e707b27f4896,2020-11-27_15h03.59.257,lexical_decision_task_MP_exp2,2020.2.5,Win32,60,m,1,0.64105,,,,,,,,0.64105,1,,,,,,209,WORD,UN,33,monkey,SEARCH,m,,,,,,-0.025,-0.081481481,0,0,0,,0,458,458,148,1,
,,,,,,,,,,,,,,,,,,5f8d8248de70e707b27f4896,2020-11-27_15h03.59.257,lexical_decision_task_MP_exp2,2020.2.5,Win32,60,m,1,0.627325,,,,,,,,0.627325,1,,,,,,96,WORD,"ID",33,ignore,IGNORE,m,,,,,,-0.025,-0.081481481,0,0,0,,0,459,459,35,1,
,,,,,,,,,,,,,,,,,,5f8d8248de70e707b27f4896,2020-11-27_15h03.59.257,lexical_decision_task_MP_exp2,2020.2.5,Win32,60,m,1,0.720435,,,,,,,,0.720435,1,,,,,,36,WORD,UN,16,insult,VANISH,m,,,,,,-0.025,-0.081481481,0,0,0,,0,460,460,215,1,
,,,,,,,,,,,,,,,,,,5f8d8248de70e707b27f4896,2020-11-27_15h03.59.257,lexical_decision_task_MP_exp2,2020.2.5,Win32,60,m,1,0.560735,,,,,,,,0.560735,1,,,,,,113,WORD,"ID",33,chorus,CHORUS,m,,,,,,-0.025,-0.081481481,0,0,0,,0,461,461,52,1,
,,,,,,,,,,,,,,,,,,5f8d8248de70e707b27f4896,2020-11-27_15h03.59.257,lexical_decision_task_MP_exp2,2020.2.5,Win32,60,z,1,0.894205,,,,,,,,0.894205,1,,,,,,384,NW,"ID",16,guesco,GUESCO,z,,,,,,-0.025,-0.081481481,0,0,0,,0,462,462,323,1,
,,,,,,,,,,,,,,,,,,5f8d8248de70e707b27f4896,2020-11-27_15h03.59.257,lexical_decision_task_MP_exp2,2020.2.5,Win32,60,m,1,0.867335,,,,,,,,0.867335,1,,,,,,5,WORD,UN,16,bundle,PLUNGE,m,,,,,,-0.025,-0.081481481,0,0,0,,0,463,463,184,1,
,,,,,,,,,,,,,,,,,,5f8d8248de70e707b27f4896,2020-11-27_15h03.59.257,lexical_decision_task_MP_exp2,2020.2.5,Win32,60,m,1,0.65394,,,,,,,,0.65394,1,,,,,,114,WORD,"ID",33,placid,PLACID,m,,,,,,-0.025,-0.081481481,0,0,0,,0,464,464,53,1,
,,,,,,,,,,,,,,,,,,5f8d8248de70e707b27f4896,2020-11-27_15h03.59.257,lexical_decision_task_MP_exp2,2020.2.5,Win32,60,m,1,0.720445,,,,,,,,0.720445,1,,,,,,176,WORD,"ID",16,strife,STRIFE,m,,,,,,-0.025,-0.081481481,0,0,0,,0,465,465,115,1,
,,,,,,,,,,,,,,,,,,5f8d8248de70e707b27f4896,2020-11-27_15h03.59.257,lexical_decision_task_MP_exp2,2020.2.5,Win32,60,z,1,0.6543,,,,,,,,0.6543,1,,,,,,373,NW,"ID",16,bigent,BIGENT,z,,,,,,-0.025,-0.081481481,0,0,0,,0,466,466,312,1,
,,,,,,,,,,,,,,,,,,5f8d8248de70e707b27f4896,2020-11-27_15h03.59.257,lexical_decision_task_MP_exp2,2020.2.5,Win32,60,m,1,0.66719,,,,,,,,0.66719,1,,,,,,195,WORD,UN,33,credit,RESIGN,m,,,,,,-0.025,-0.081481481,0,0,0,,0,467,467,134,1,
,,,,,,,,,,,,,,,,,,5f8d8248de70e707b27f4896,2020-11-27_15h03.59.257,lexical_decision_task_MP_exp2,2020.2.5,Win32,60,m,1,0.61371,,,,,,,,0.61371,1,,,,,,196,WORD,UN,33,stream,CREDIT,m,,,,,,-0.025,-0.081481481,0,0,0,,0,468,468,135,1,
,,,,,,,,,,,,,,,,,,5f8d8248de70e707b27f4896,2020-11-27_15h03.59.257,lexical_decision_task_MP_exp2,2020.2.5,Win32,60,z,1,0.61368,,,,,,,,0.61368,1,,,,,,281,NW,UN,16,porlex,MELATY,z,,,,,,-0.025,-0.081481481,0,0,0,,0,469,469,460,1,
,,,,,,,,,,,,,,,,,,5f8d8248de70e707b27f4896,2020-11-27_15h03.59.257,lexical_decision_task_MP_exp2,2020.2.5,Win32,60,m,1,0.57401,,,,,,,,0.57401,1,,,,,,191,WORD,UN,33,beacon,STABLE,m,,,,,,-0.025,-0.081481481,0,0,0,,0,470,470,130,1,
,,,,,,,,,,,,,,,,,,5f8d8248de70e707b27f4896,2020-11-27_15h03.59.257,lexical_decision_task_MP_exp2,2020.2.5,Win32,60,z,1,0.560645,,,,,,,,0.560645,1,,,,,,315,NW,"ID",33,laston,LASTON,z,,,,,,-0.025,-0.081481481,0,0,0,,0,471,471,254,1,
,,,,,,,,,,,,,,,,,,5f8d8248de70e707b27f4896,2020-11-27_15h03.59.257,lexical_decision_task_MP_exp2,2020.2.5,Win32,60,m,1,0.56022,,,,,,,,0.56022,1,,,,,,153,WORD,"ID",16,behold,BEHOLD,m,,,,,,-0.025,-0.081481481,0,0,0,,0,472,472,92,1,
,,,,,,,,,,,,,,,,,,5f8d8248de70e707b27f4896,2020-11-27_15h03.59.257,lexical_decision_task_MP_exp2,2020.2.5,Win32,60,m,1,0.52041,,,,,,,,0.52041,1,,,,,,101,WORD,"ID",33,wrench,WRENCH,m,,,,,,-0.025,-0.081481481,0,0,0,,0,473,473,40,1,
,,,,,,,,,,,,,,,,,,5f8d8248de70e707b27f4896,2020-11-27_15h03.59.257,lexical_decision_task_MP_exp2,2020.2.5,Win32,60,m,1,0.68078,,,,,,,,0.68078,1,,,,,,226,WORD,UN,33,flower,CASINO,m,,,,,,-0.025,-0.081481481,0,0,0,,0,474,474,165,1,
,,,,,,,,,,,,,,,,,,5f8d8248de70e707b27f4896,2020-11-27_15h03.59.257,lexical_decision_task_MP_exp2,2020.2.5,Win32,60,m,1,0.547265,,,,,,,,0.547265,1,,,,,,17,WORD,UN,16,humble,CHARGE,m,,,,,,-0.025,-0.081481481,0,0,0,,0,475,475,196,1,
,,,,,,,,,,,,,,,,,,5f8d8248de70e707b27f4896,2020-11-27_15h03.59.257,lexical_decision_task_MP_exp2,2020.2.5,Win32,60,z,1,0.573865,,,,,,,,0.573865,1,,,,,,326,NW,"ID",33,iguade,IGUADE,z,,,,,,-0.025,-0.081481481,0,0,0,,0,476,476,265,1,
,,,,,,,,,,,,,,,,,,5f8d8248de70e707b27f4896,2020-11-27_15h03.59.257,lexical_decision_task_MP_exp2,2020.2.5,Win32,60,m,1,0.61508,,,,,,,,0.61508,1,,,,,,37,WORD,UN,16,powder,INSULT,m,,,,,,-0.025,-0.081481481,0,0,0,,0,477,477,216,1,
,,,,,,,,,,,,,,,,,,5f8d8248de70e707b27f4896,2020-11-27_15h03.59.257,lexical_decision_task_MP_exp2,2020.2.5,Win32,60,m,1,0.46709,,,,,,,,0.46709,1,,,,,,42,WORD,UN,16,tongue,CHAPEL,m,,,,,,-0.025,-0.081481481,0,0,0,,0,478,478,221,1,
,,,,,,,,,,,,,,,,,,5f8d8248de70e707b27f4896,2020-11-27_15h03.59.257,lexical_decision_task_MP_exp2,2020.2.5,Win32,60,m,1,0.547375,,,,,,,,0.547375,1,,,,,,48,WORD,UN,16,survey,WALNUT,m,,,,,,-0.025,-0.081481481,0,0,0,,0,479,479,227,1,
